# Each row is C_{\ell}^{kg} between 2MPZ map and 100 Planck simulations 2015
1.810578654942558721e-06 -1.354276629716050236e-06 1.034550761309943798e-07 -5.533766722613564039e-08 -3.391147120633885745e-07 -5.856395101904569640e-08 1.551784005859511780e-08 -2.835411113953454978e-07 -1.598800372877276704e-07 8.950051402292376794e-08 -4.697080157777001121e-08 -1.860526786327691358e-07 -8.776950109367734496e-08 -1.443608252350390220e-07 5.122220610029065955e-08 -1.574163742520362598e-07 3.011564643530158329e-08 8.081806624283934715e-08 2.037925595943409223e-08 1.103687386020126561e-07 3.283636256192738785e-08 -1.633615781952239238e-07 -4.894007196636450359e-08 9.927126188151643590e-08
4.045617827516441961e-07 -7.265216653174474624e-08 -6.753479484918040482e-07 1.066803345811001179e-07 3.447058335641144595e-07 -2.597324443314446625e-07 -1.235741932164937902e-07 -1.859282642616213199e-07 -9.842139725041629360e-08 -9.748599142997195392e-09 -2.329564190352831139e-08 -1.333870733647591765e-07 -1.042683124277974025e-07 5.946407338650002449e-08 -2.192045507729066508e-07 6.311734165127060653e-09 -3.231166617587648964e-08 1.369945193603086341e-08 -8.187695053436701683e-08 3.865523462920588434e-08 1.127593461552319780e-07 6.559742187451424985e-08 -2.914059364111067677e-08 2.656827511296176808e-08
-3.071834440385599849e-07 5.039416005105665577e-07 -2.516571868207478485e-07 6.444654872822327152e-08 -4.651326719616920231e-07 1.653468332322609419e-07 3.726468312677847917e-07 7.243760034015470182e-08 1.015346792589264072e-07 -1.314433000970452770e-07 -1.527566197488383933e-07 -1.726417725020960230e-07 -2.009887542744530563e-07 1.085378837779755170e-07 -8.279606776927047928e-08 3.252354418947311181e-08 -1.310082338812503543e-07 5.314236434242170194e-08 -9.020026083659598648e-09 1.271543723116123050e-07 -2.874994202855076822e-08 -1.059688836340371290e-07 8.784013676672871955e-08 2.098275927892821551e-07
-8.675669202209280335e-07 -7.973330383974609617e-07 -7.226569409836920298e-07 -1.267508183850120725e-07 -6.899822487805550920e-07 1.665757089412905040e-07 2.558684141639132018e-07 1.167180929742626291e-08 -2.116169735974803547e-08 4.069619610864187406e-08 1.029582609491168201e-07 -3.352636543780836042e-08 1.142440414166043840e-07 -2.262239335901900945e-08 5.443748152369494530e-08 4.648228349011664913e-08 -8.670848304509148433e-08 -1.423663115647174836e-07 -1.993585083643796713e-08 1.282649529657397464e-07 -7.960302872911016565e-09 -1.386727224906028738e-08 5.443369209984950677e-09 1.019371188917151920e-07
7.677718338045459640e-07 8.116559998873772805e-07 8.650004758917872093e-07 1.647175935432126110e-10 -2.439375955173852574e-07 -2.354857635557593162e-07 -3.026550678670331793e-07 -9.435264883592751634e-08 -4.583681314616843779e-08 1.919909218207869892e-07 8.488721447649696149e-08 2.112861611840519068e-08 2.843553522464314781e-08 -1.822066118017651276e-07 3.386517031746062354e-08 8.321729461117728919e-08 1.134869677606283489e-07 1.687337940800420670e-08 1.255207043413834882e-07 -4.745025566699363588e-08 2.106988535252464631e-08 1.541343757351487683e-07 -1.875643703937400694e-09 1.868201922274024155e-07
2.311239459226537041e-07 -8.482511822456112205e-07 2.236813697090947880e-07 3.195016644834118376e-07 -1.844887699255809472e-07 -1.381570903417103160e-07 1.318078099319013672e-07 1.411209227086435315e-07 -2.769655333868246144e-07 -1.621043890513424407e-07 3.259819608999929022e-08 -1.236788443080521138e-07 -1.060607659744778360e-07 -1.633979720762162325e-08 1.678110995313750631e-07 -1.579005711868988897e-08 -9.888830645378182449e-08 -3.504387038005276784e-10 -9.749563842373443777e-08 -1.549887782962417011e-07 -2.928677271749550669e-08 8.181466782705172271e-08 -8.586632541745928521e-08 1.148310715772929995e-07
1.175331865998852875e-06 1.319279531556545736e-06 -6.392962052937295973e-07 1.912654748026666168e-07 -2.724238158413430253e-07 -1.302023936673764515e-07 -1.952194435399827510e-07 2.422659418849838925e-07 8.913405469866649405e-09 -1.535282791013626358e-07 -1.304328875349848194e-07 -1.074911744569214169e-07 -4.860432440420221036e-08 -1.152479252395790935e-07 -8.187663912388024601e-09 8.465327265207880294e-08 5.373312841479083311e-08 -1.235467530587741787e-07 -1.455473695266624167e-07 1.118878579364284602e-07 -9.616542526799030010e-08 2.601662643162844119e-07 -6.551591993359854961e-08 2.953511446800953547e-08
3.703134800209196586e-07 1.334006072420001933e-07 2.355154838127492424e-07 -1.276767938179062926e-07 -1.794018688893779291e-07 1.483603993905993749e-07 -3.486703901637759346e-07 1.922267439608295064e-07 -8.735665878714397273e-10 1.071486724916783433e-07 6.305350119482720602e-08 -2.747428348384385015e-08 2.987295421684603694e-08 -1.342337837919132739e-07 1.888691650120297058e-07 -7.006913960184703653e-08 -4.297009888098645330e-08 -3.680677176879926017e-08 1.624359482375208327e-07 3.269537083284179838e-08 7.275668349481826037e-08 -6.002137444856508947e-08 -5.565573437819176059e-08 3.203410505509448421e-09
7.897957754721139216e-08 -9.334636555496517688e-07 -3.038427159351943614e-07 -1.078303257100721214e-08 -1.622400259527881212e-07 1.659523644742325180e-07 8.216942943011458952e-08 5.833334093024736268e-08 2.388834515933917210e-08 8.365588775327799890e-08 -3.322033607917489952e-08 2.650802808469693654e-07 4.016521736485581304e-09 1.016877516650030527e-07 2.975863034602823185e-08 1.512657330764930477e-08 1.802088144628491197e-07 6.424863146487599887e-09 -2.149720000693012637e-09 -8.369284255345511589e-08 3.413275095617860689e-09 -5.967129148685822166e-08 8.153422367799617603e-08 -1.270954112871873342e-08
-7.386836048192196064e-07 -1.373323238189455712e-06 9.962592800457177405e-07 9.357503207653853182e-07 2.289653793492496415e-07 -1.180018944921552453e-07 4.320071816444387664e-08 1.147047378384166561e-07 -1.729412631213253873e-07 -6.148360716107051004e-09 1.928521766881399311e-07 1.969716803022286107e-07 2.325342367709042650e-08 -9.965888599262380147e-08 9.765321177857062794e-08 -1.460350919853701925e-07 4.649304148535917098e-08 9.175897521441013478e-08 7.046448239588366781e-08 8.659189562622437684e-08 1.211917550599281391e-07 1.251742730339728412e-07 7.245931700441076426e-08 4.018399741216804539e-08
-1.348194452880094503e-07 1.307658109975244269e-06 -5.640676510532466055e-07 6.343480699061871830e-07 -2.374547632997256177e-08 1.914950212363688108e-07 4.063109097801455135e-07 6.484586178043725402e-08 4.156998539478872871e-08 -2.523326735178268081e-07 9.862566687028453626e-08 -1.810288502511913108e-07 -1.244269838026739088e-07 3.646192372190272323e-09 1.496690917152856752e-08 1.086193338368325844e-07 4.296951161501347052e-08 5.478166055073985411e-08 -2.853256352227419475e-07 1.635588583154990703e-08 -6.643508643256268618e-08 3.219174865490917941e-08 1.223744623678208176e-07 8.253717270386260289e-08
6.856475632533942499e-07 -5.550118850811263078e-09 2.049558137155078507e-06 -4.631763506950287459e-07 -5.412261628684308629e-08 3.232887633554525501e-07 -1.604515695603732393e-07 2.232219350204183259e-07 3.077090417286732178e-08 2.543805878524628956e-07 -4.432994360710624491e-08 3.772672996616162195e-09 -5.771769581659954957e-08 -2.394094837777455215e-07 -1.332374355105934527e-07 -8.964521681581999067e-09 -9.153153057595453580e-08 -3.909653953335812259e-08 -7.998452289933221345e-08 1.649218580084897984e-07 4.554633002174350349e-08 1.480233147996048748e-07 -9.046129575402714469e-08 4.103487260261026332e-08
9.230816008738544159e-07 -8.014333617047455865e-08 -8.965453319105573694e-07 6.406296895530500161e-07 -2.356951440833837102e-07 -1.565594171535018747e-07 -2.415403629046797338e-08 -5.788123759305310255e-08 1.608196412281236560e-07 1.628321915566105917e-07 7.073414428151338149e-08 2.656232920470636877e-07 1.639232258492522005e-07 -2.714752151981228590e-07 -7.730168074851241783e-08 9.365263297167024562e-08 -1.768184246143057398e-07 -9.404357680604557756e-09 -2.830092942870705543e-08 -4.282556894471961303e-08 7.126850342443075125e-08 5.795621719221558462e-08 1.412378706657973992e-07 -9.726208827090213958e-09
1.661381068437819711e-07 -2.486298646573059910e-07 -1.887948572635107073e-07 -1.723286283512516804e-07 4.167925966499658572e-08 2.017390529758412351e-08 4.863376588681988982e-08 -1.804846223605032539e-07 -1.819254481970173158e-07 -1.849813355372199842e-07 -4.491411977026352817e-08 2.331347787786876767e-07 -4.405338664168747258e-08 -3.240697779579519261e-08 -4.868370513833111748e-08 -3.678491709174737111e-08 -6.662001907145263200e-09 1.292730795445363235e-07 -6.075890190589994361e-08 -1.759057197830531342e-07 7.729711868286555946e-08 6.159233653972983186e-08 3.970300897224518650e-08 1.070854613918468518e-07
-8.548733373930996391e-07 1.819356593238188719e-07 2.307320293490492846e-07 5.867854390696896100e-08 -1.292461435195277184e-07 -1.656110253572421784e-07 3.492183265206674093e-07 -5.329024860275987743e-08 1.504400657814641136e-07 1.114897084294942976e-09 -9.684937962085306885e-08 1.021816898458068719e-07 1.507229875567714569e-07 2.073323179177830204e-07 7.109182190693399044e-08 -8.358731946691270957e-08 4.815825978117802159e-08 7.672926162457221641e-08 1.659017936500388280e-07 4.815342469739935327e-08 -6.169893575385805706e-08 8.819579653935982846e-08 2.878699049799481600e-09 -9.211335396840163381e-08
-3.896264379563790456e-07 4.048104938443861792e-08 7.230090941815208110e-07 -3.008209052891972351e-07 2.725884138172856214e-07 2.192098711236084683e-07 -2.242168369481489836e-08 2.075826427517115503e-07 -2.976491643072357443e-07 -1.543226455424218545e-07 -2.266729009080473663e-07 -1.137482392785625745e-07 1.044511995253306352e-07 -3.454779545987129934e-07 -7.100071758931212929e-08 2.433857126769268548e-08 -1.564528689573087249e-07 -6.990982772561175673e-09 9.855577010550892400e-08 -3.117014295924083458e-07 2.149007832794836098e-07 -2.846424561886691594e-08 5.775940484216543701e-08 9.710843294246657826e-08
-3.569903238645266421e-07 2.069145612792956339e-07 4.378501394999831616e-07 -2.981236938463810906e-08 1.346877805794957884e-08 2.581200885300868101e-07 -1.000725806946832296e-07 2.864388172336671272e-07 -1.567109215903434350e-07 2.046642008598919097e-07 9.479647402822208846e-08 -1.522672292056576737e-07 4.243191061636248650e-08 -1.434050858210475083e-07 9.921350164904269561e-08 4.833175650244203146e-08 1.026435918268071383e-07 1.937958173735234591e-08 -7.880009067526137541e-08 7.612307114690013549e-08 -5.812858367476408789e-08 1.873353542522935775e-08 1.794410748271048054e-08 -1.011347079468680765e-08
9.299129182867391721e-08 -1.318034957231984311e-06 2.200438028079473312e-07 7.592159667565889888e-08 -2.835647455860305308e-07 -2.414039322842476345e-07 -3.052898385728310684e-07 -1.702247701274796399e-07 -6.118220553660453463e-09 2.830701177369330178e-07 -1.898048513762906414e-07 -2.466253471138116097e-08 7.134219828811527396e-08 5.258749782617810035e-09 5.218664954917068791e-08 -2.010664915804339093e-08 1.938482336370467245e-08 9.108600428900384363e-08 -1.925972507568947659e-07 -6.637484100123354736e-08 1.977103302420478381e-07 6.658199575591515338e-08 7.566086500384929324e-08 -1.094519200456392988e-09
3.654409666527028159e-07 -1.251606506028385239e-06 -5.705933539055935390e-07 -6.709262285208796967e-07 -4.363461379396065834e-07 1.428148309093533342e-07 -2.510703743500394006e-07 4.016323486577137625e-08 -3.504393060257620079e-07 8.086651739326262098e-09 5.957071051231705670e-08 2.285588912977089236e-07 -9.927475883569905368e-08 5.622166462521836228e-08 5.666977432824450197e-08 -9.275774040187728224e-08 7.033699933975175787e-10 -5.652458819872807018e-08 4.795385522374480906e-08 -1.435818727138101830e-07 -1.462850579447739428e-07 -1.361129627837809642e-07 -1.041355663020881208e-08 -1.215281314766640325e-08
-1.293959493074010074e-06 1.062133731858044750e-07 4.953005475036934564e-07 6.088277204824438882e-07 -7.473181738151255214e-07 2.402867787161741605e-08 -1.289299733394557180e-07 -2.874711797477687934e-07 1.064033479751153450e-07 1.753000009742944212e-07 4.686398483620468005e-08 -4.119334388535635456e-08 -6.643555892366552496e-08 9.334534576841753031e-08 -2.293165835458740993e-07 2.505253441122999248e-08 2.897629485393821323e-08 1.540246390069654086e-08 -3.140713207108962931e-08 -5.319116944109459162e-08 -8.199053918523407975e-08 -8.028418255326665261e-08 1.389914871386089182e-07 9.270760993026547166e-09
2.091948258770075526e-06 -1.718631826777778036e-06 6.567518030625785595e-07 -2.021526171493147139e-07 1.278366296567897569e-07 -1.071574886154900305e-08 -6.766219400660788521e-10 -3.790903893555308267e-08 1.305971542043361545e-09 6.629164901496174471e-08 -9.224376908961607042e-08 1.293204719050421150e-07 -1.500398206560059421e-07 5.812040521304713677e-08 5.035002345059597957e-08 -3.779053850037987857e-08 -3.018031504928913382e-07 -6.808623555849588256e-08 -5.761115142994846861e-08 4.840010028838855522e-08 -3.975877584260137835e-09 5.495108787033207388e-09 1.134443410351744488e-08 -3.244545713068793964e-08
-8.620908153557781941e-07 -5.153960556315004963e-07 4.998448107569004749e-07 3.077023572839408057e-07 5.158436875875886344e-07 -2.144583337141755555e-07 -8.988309621176080677e-08 -9.407945429353681680e-08 2.872806185819646611e-07 6.987650024695243962e-08 -5.164530733751774010e-08 2.374258195058089702e-08 1.512126788267849576e-07 -9.189539380029763923e-08 -1.684115818256744903e-08 -1.153363593367050991e-07 1.349720964962699897e-07 -7.829685872269349087e-08 -3.062794445363780238e-08 -7.661992272992671366e-08 3.602596288794955099e-08 -1.793953483968391158e-08 -2.685896943556190008e-08 5.019695043871289987e-08
1.006607685781939370e-06 1.261803154813646233e-06 9.239850748435198008e-07 7.978320951766116311e-07 6.702719654085444386e-08 1.283723587277428435e-07 1.723449360548655849e-07 -1.742584523033690021e-07 1.411708578347429472e-07 -2.780082877265706934e-07 1.314965669466508007e-09 3.206997225985577815e-08 1.278527713185822634e-07 -2.281126399183512288e-07 -1.013402730319194346e-07 -9.082583957174293188e-08 1.060215409887494013e-07 5.928717557530563106e-08 7.403574079948211755e-08 -2.178731154653416719e-08 -1.979514092840310301e-07 -8.114148776920606932e-08 -5.175063641535144767e-08 3.004453625341238533e-08
1.499230648520464669e-06 -3.945652159448089238e-08 1.525766048551791773e-07 1.526765428385512796e-07 2.171904484893152753e-07 -6.864924128831439366e-09 1.230650572705514576e-08 2.924300449335360608e-07 1.922375660015324327e-07 -4.259267891150843798e-09 1.149739662580823663e-07 1.754397017235280148e-07 2.395892262304662315e-08 1.090441915406984906e-07 -9.727913186410803876e-09 2.044513637653735204e-08 -4.053844794757624346e-08 7.785258939803295179e-08 -4.696468475247649134e-08 9.543948303953522669e-08 1.514942980163452896e-07 -1.984070515966431366e-07 -4.184735741452699444e-08 2.974533784155133141e-08
8.649053422675412570e-07 8.460756118864290621e-07 -6.193040224762003596e-07 3.724743610684713806e-07 -1.713246136205225526e-07 -2.009798129561680305e-07 -4.760362675332024005e-08 -9.015578106084235322e-08 -8.535526711718765816e-08 -1.555095092466537309e-07 -1.120879123598828481e-07 2.264941258384704433e-07 2.080079972974928285e-07 -4.783795349864675702e-08 -2.172156509961682965e-08 -1.069249151997153827e-07 2.367505740936562709e-08 2.889665752166811423e-08 -1.685950395647887755e-07 6.436753138233066500e-08 -1.609481192081542716e-07 1.039492822591380211e-07 1.888503020031968717e-07 -6.014008973676205544e-08
-3.932827390426638532e-07 -1.940020338509255728e-07 -1.174381859921234891e-07 -5.694689689815779818e-07 -1.371993576241327145e-07 2.218367161199231152e-07 3.255611448299808561e-08 -1.123396543927376266e-07 -4.100398280032942657e-07 1.591242644267158436e-07 1.629233297404227648e-08 8.034371240263168071e-08 8.166710637590198560e-08 8.855798044632389274e-08 -4.741374718450161556e-08 1.102577837130518704e-07 -1.285251535587995833e-08 3.448610831795095254e-08 -8.362530131001827009e-08 -2.620458902530782253e-08 6.826860971713902716e-08 5.577567730985512312e-08 -6.833227612916540541e-08 -1.071828959305680154e-07
1.693251806293136753e-06 1.008921543738438132e-06 1.135066633715964976e-07 -2.684530588007740697e-07 -1.903216772150879711e-07 -2.460011291055848523e-07 -2.493733399136915330e-07 6.395493801809649433e-08 -1.683492873987537331e-07 -6.789789396352823321e-08 -3.363045694097935517e-07 1.554982101908782142e-07 1.063678287447776622e-07 -3.886738865436278104e-08 2.653731341376516085e-09 -2.097178998224966294e-07 -5.616576780175856968e-08 -3.247246811203480279e-08 5.764791234180343634e-08 3.310960103613134036e-08 7.141133875093062703e-10 -3.361417374154814054e-08 -8.421978778296157917e-09 -3.605650669355344709e-08
1.144074905813288960e-06 8.581634759303965093e-07 -1.738687919731858418e-07 4.462610472486226062e-07 -3.401249985103948722e-07 -2.988649218425817107e-07 2.017495061610308610e-07 -1.221175164842941051e-07 -3.550581957919947395e-08 4.301265176167710696e-08 -1.780318145069356094e-08 -1.524385563093475332e-07 -6.686023776921784747e-08 -1.247498689276459195e-07 -1.911054423716072555e-07 -7.411213370164919311e-08 7.941558160419772342e-08 -7.786212000446993633e-08 1.455478776870962072e-08 -2.190487971399606766e-07 1.705336236825729169e-07 2.490772122623504979e-08 -1.505219741351310185e-07 8.115890995228493681e-08
-7.045874640847069447e-07 -1.743214940680665701e-07 -2.092838532452850178e-08 -1.899502362574224309e-07 4.569607101150991431e-07 -2.984749974167056603e-07 3.330357421403177135e-07 2.872849451064441492e-07 -6.764054297501541316e-08 -2.301875532120316062e-07 -1.594696443144929740e-07 1.001207568415383391e-07 -9.644152558608121573e-08 1.635343782021596414e-07 2.560253495282316762e-07 -1.365616609572327407e-07 -1.369755556003736928e-07 5.008071688467468020e-08 -4.007574378486902237e-08 2.688040486562465165e-08 9.263865064483803088e-08 4.178239694958200561e-08 -1.026709904162620171e-07 2.864189466961551916e-08
1.036553001187491201e-06 -1.131501455538559401e-06 1.358040065492025161e-07 -4.286279364570632379e-07 1.673961118965941201e-07 -5.437698338804094942e-08 2.017151641566552125e-07 1.089487484323368435e-07 -3.349736378580641211e-07 -1.728411328886632482e-07 2.515066848935068346e-07 -2.735247293726750999e-08 -6.078759737873010485e-08 1.192173769831171965e-07 5.086624429810969754e-08 -5.557258164518503514e-08 6.198968109133594199e-08 1.049225955005229314e-07 -1.208055365218669127e-07 -6.624934141352869060e-08 -7.654193936390179370e-08 1.244007394251697475e-09 -6.787992872757867323e-09 -1.234795428008480763e-07
9.589395431158161045e-07 1.581929588930199002e-07 -5.490783350690582116e-07 5.950080070799320133e-07 3.123089206009446986e-07 4.051221875348907808e-07 -8.401231746749181361e-08 4.058805000192913799e-07 -1.184681818359303642e-07 -9.504225993940784402e-08 -1.454275703898873058e-07 -2.013752924337240565e-07 2.794291783274649929e-07 1.690270281419018855e-07 9.123402311361795448e-08 -1.428470133592628334e-07 -9.552677590319781942e-08 -2.063072942768316192e-08 -1.013674799947751215e-08 5.683717377827362523e-08 5.277331442256765740e-08 -3.453066537667186148e-08 -6.736940941389611226e-08 2.212064578322614329e-08
-2.641587002628649122e-06 -8.120319491274480467e-07 -2.341376113764242148e-07 1.604503215576696152e-07 1.867962427565334507e-08 4.354274995896578128e-07 1.129643818706080346e-09 -9.166825496449782756e-08 4.814060179087657127e-08 -2.143801918160937413e-07 1.731635950578610204e-07 -6.769667924172171056e-08 6.018049848829209419e-08 1.381098982617518000e-07 -1.750837164997984709e-07 2.452715496661593840e-08 -9.395935135889754822e-09 1.481344444735728029e-07 -2.161827082327224053e-07 1.202544631152690590e-07 1.658841439910969405e-07 1.385762726301221994e-07 -9.912130944933923309e-09 4.075591886163484711e-08
-7.885598736742572620e-07 1.294902542648195342e-06 -4.046696730856377457e-07 4.977890850605514493e-07 -4.294448278766645812e-08 -2.092862712012248155e-07 1.093777827330863414e-08 -1.781742006877643119e-07 5.436802416562057905e-08 -1.524140842985289184e-07 3.153667542721855559e-08 1.394458670463455772e-07 2.446697549351192659e-08 4.937300981963060524e-08 1.822266267713488207e-08 -7.359254772546832762e-08 -5.873691531516596571e-08 -3.655795280919732233e-08 -1.828496410520394751e-07 -4.730248716162830116e-08 -1.042628305905939316e-08 -1.025881643170378606e-09 3.018143934229349340e-08 -1.120355038547718590e-07
6.022958192222241898e-07 7.243607875518056009e-07 9.091202246483183784e-07 2.617512373690474494e-07 -4.154335603455375136e-07 1.461300520934038110e-08 -1.227963114560644721e-08 1.996829599708280952e-07 1.190208929873228150e-07 5.515966238578915340e-08 7.146486386211867455e-08 -8.219214134171390379e-08 -1.728207866764354567e-07 -4.778155866486550407e-08 4.119507447587273456e-08 9.211591241431082776e-08 1.116838236342370711e-07 -9.354250016900889956e-08 -2.194686557472481885e-07 -5.468746858237721393e-08 -4.046049073977289087e-08 4.148479546589486348e-09 1.210085496604258718e-07 -1.279501434188789452e-08
1.167899154566975450e-06 5.757514056852950418e-07 1.034510413630586839e-07 -1.180722239119469732e-07 -2.067133576388680136e-07 -2.586544823093008662e-07 -3.186277481872364992e-07 1.526273125283039264e-07 6.732020104907153562e-10 1.297045006495766717e-07 -2.160992749323349318e-07 -1.255466683024290565e-07 -1.824348447532338111e-07 4.021429689825245422e-08 -1.716441125588180698e-08 -1.674345080271134374e-08 2.043450745375644885e-08 -3.844057818753016073e-08 6.930366708844316302e-08 -2.675136746159427429e-09 -2.736145176048979519e-08 7.765799380789066211e-08 -4.234829260527798180e-08 9.750638378023808573e-08
-1.787294697846511549e-06 4.091662412048989905e-07 -1.253468843021876213e-06 2.815849566050959215e-07 -1.996145947967082721e-07 2.375391611456689630e-07 -1.044144523206632709e-07 1.151195589337695835e-07 -6.189794939935371042e-08 6.295545181704584192e-08 1.254478039505261321e-08 3.249974460745923269e-07 -3.272080420625742886e-08 2.187433784400811658e-07 7.233397047795399878e-08 1.498228191415954103e-07 -1.045952702350659941e-07 1.378782360864845038e-08 1.316023978863547051e-07 -1.435841167696993762e-08 1.517707569054158007e-10 1.550881541662001147e-07 -5.475041485057776378e-08 -6.306193778144462744e-08
1.464320203833582085e-07 -8.944077317518050576e-08 -2.608524112374063621e-07 -3.458418375831006822e-07 2.525981845915214375e-07 -1.965632122994512263e-07 3.625948812164521133e-08 -1.009676203662938055e-07 -1.315111265953499177e-07 -8.831278033457837226e-08 -2.718707745996280771e-08 -6.016059924528735417e-08 1.506930069330214094e-07 2.246352019717914116e-07 4.863707891198505400e-08 1.517076986734495927e-08 5.985473287186448198e-08 1.591901868823669046e-09 -1.398359835913502819e-07 2.061985665886477632e-07 -1.293948833761258809e-07 -5.441033941293576260e-08 5.620439713063537257e-08 -1.756774649131148127e-07
2.783517741370912330e-06 8.901213206545130552e-07 1.220171070169775330e-06 -4.280346483442635990e-07 2.021223470408200031e-07 -4.052655333138975699e-07 6.231079855276237533e-08 1.623768118460489213e-08 -8.625654822720662644e-08 7.997318222219995205e-08 -8.886170680287838776e-08 -9.625573340629462230e-08 -3.590785983399430213e-08 8.183863156625513796e-08 -1.915602482988745455e-07 -9.148519456542625993e-08 4.086816077780966647e-08 8.066290862715888694e-08 -1.112869525096992640e-07 5.100585115790412265e-08 -3.320262766859391259e-09 3.513149232348135652e-08 -8.004430256275425976e-08 8.489474835618620110e-08
-1.210259994422236836e-06 1.278479335008162400e-07 8.121751436154445782e-07 7.992923388290292520e-08 -5.066935457261705188e-08 2.297929712488099716e-07 2.687631653015106674e-07 2.963350683765614882e-07 -8.640067487388198838e-08 7.789315918004627864e-08 1.411003283810618173e-07 -1.725735969983750876e-07 2.540225929904657147e-08 -1.151609454750465108e-07 7.129859531751146031e-08 -7.228595638521789424e-08 -1.041594790315244523e-07 5.019362083546756333e-08 2.689435195454594444e-07 2.735816713226173914e-08 -7.035669735633607902e-08 -4.818645764786222446e-08 -5.011911130226644616e-08 -9.180288962095878086e-08
2.187006518167330488e-08 -1.701740341950752194e-06 -6.678902736939818938e-07 7.136777035230821802e-07 4.549881421509540394e-07 1.004354922638506542e-07 -4.019547238526429551e-08 -1.853234573730139222e-07 5.966049429171679526e-08 -7.941947478527493154e-08 2.568424156085289118e-08 -4.962569505290753990e-08 -1.418734060809358043e-07 -9.980578137005020567e-08 7.937927888352717805e-08 -4.139998886358018218e-08 -3.776284627594446385e-08 2.182689172159938091e-08 -1.095907550316809676e-07 -4.774959539047615426e-08 -4.186352791470406538e-08 -1.441971797846405979e-07 1.870274575931338828e-08 5.548395637171636723e-08
4.444530401746047271e-07 2.352840474979209490e-07 1.491688234210259556e-07 4.977094953240731602e-07 -3.145258751927517870e-07 -2.227538519648145457e-07 1.908752203665274857e-07 2.178995907650573971e-07 2.965194304804917821e-07 -6.268007502771267822e-09 -2.108187089540690428e-08 1.049340263462316591e-08 -2.164202459312793640e-07 -1.373143410367405015e-08 1.298711872361555704e-08 4.164673401518264889e-09 -1.650251520134203164e-07 -2.616859608227935563e-08 6.895166270139121618e-08 -2.939056122188817576e-08 3.233042819558227303e-08 2.657686329748151772e-08 1.563114477653528019e-07 -1.365971427429196819e-07
-6.488720729863167802e-07 -1.278598070827699541e-06 3.452699417798596000e-07 7.923480462682249772e-08 -4.276907741688689109e-08 2.019859954252954030e-07 2.804391408807232516e-07 1.500229299114200244e-07 1.447540708066847342e-07 -1.200349657640082415e-07 -2.265716473084982292e-07 -1.773601198159571906e-07 1.313443466879947549e-07 1.368172245289340141e-08 9.348820758548438622e-08 -1.756496160986717394e-07 -9.000315626798184409e-09 1.036747100243719309e-07 -1.230250969487225173e-07 -8.694205819507633042e-08 1.083706624701248879e-07 8.104576694185084250e-08 8.727452542541766863e-08 -1.085099483134458195e-07
-1.844779026076198495e-06 -6.643526579814406049e-07 5.804658265280445831e-07 2.221071994621093846e-07 -6.299240258029881947e-08 -1.475603533578931941e-07 2.264072844078478794e-09 2.144691758542338249e-07 1.067500532712214254e-07 -2.039144192071187131e-07 3.992510984226338431e-08 8.727876485352106190e-08 1.092024752184947196e-07 -6.033956286431702082e-08 -7.319072317022782539e-08 -5.392494891394906436e-08 5.216636152481860119e-08 6.333234783253374401e-08 -8.280488508190616601e-08 8.613248451514433089e-08 -3.450712803064807434e-08 5.758169486615022357e-08 -1.575446274182986406e-07 5.893807716263111614e-09
-5.901614645323419452e-07 2.651227276138710615e-07 6.725259881323520273e-07 3.206529603939520524e-07 -1.860654648265092144e-07 -3.724056764749530479e-07 -2.187054442370521969e-07 -7.506153735607528889e-08 -6.248355825709358777e-08 -2.711743432114828025e-08 2.981078785851104075e-08 -5.116051852998064947e-08 -2.753800596027715918e-07 -1.828165448215655802e-08 -9.256691526987969910e-08 -1.174180374901835400e-07 6.783475032402474266e-08 1.239447456505808511e-07 -2.037870183350072972e-08 1.794034519249309708e-07 4.608383544768778427e-08 8.637800215157771217e-08 -4.305375137973851009e-09 7.038024918956268029e-08
-2.391318382830872467e-07 1.302555487068518215e-06 -5.722502230904208405e-07 -5.861462253923210529e-07 3.778870117235887092e-07 -9.373923896764444975e-08 -2.789439697088696243e-07 -8.149599163423742373e-08 5.591786246345571874e-08 6.045088525905059712e-08 1.883102987321084624e-07 2.747250803694087954e-08 6.959361903669274133e-08 -1.326300219247504309e-07 -5.403455027507853148e-08 1.335838608720000725e-07 -1.047026821352531151e-07 -4.823199028064860580e-08 5.507374174564063601e-08 2.203476387128844410e-07 -1.497517986478387022e-08 1.200118546246674254e-07 3.922025039121717184e-08 8.995219204867104790e-08
-5.991236592098533316e-07 -2.280371221356465676e-07 1.732022262889564398e-07 -4.115273953080434960e-07 1.100462090291738615e-07 -1.683503581804395215e-08 1.006091106892782752e-07 2.576577696612055116e-07 -1.210806675825292612e-07 -6.486083256995445475e-08 6.980676046084515003e-08 1.188219770389881849e-07 -5.958112683534170692e-09 7.923961122352957800e-08 1.663120128736924137e-07 -1.216074624459517757e-07 2.167607727627880409e-07 -1.483844751846719393e-07 -7.149660248932139832e-08 8.659214112124612980e-08 -7.147403671055461163e-08 1.068220105558553645e-07 -8.935793702779266799e-08 1.141120800264799129e-07
1.207832388059342774e-06 5.264664403422518998e-07 6.997791289255193875e-07 7.099124094510006670e-07 3.222004826217149452e-07 -1.275793474122224492e-07 -1.272220945116112050e-07 5.332120326163223820e-08 -1.797350171770632345e-07 5.207297372153169568e-08 8.277110185761667977e-09 3.313257447441408073e-08 4.110242882715213818e-09 -2.557803887651087306e-08 -1.277281438411113994e-07 -5.044845205225176976e-08 5.676445111264271233e-09 7.563155094042093104e-08 2.219114822508566912e-08 -6.198875034204541010e-08 -1.914290235879986754e-08 -7.036652985142604009e-08 -3.290998748780188104e-08 -3.152526941510092579e-08
1.216553863788257287e-06 4.830938665019834501e-07 3.692654382764276593e-07 1.775548837105293558e-07 4.469495875983533642e-08 8.568336757974559438e-08 1.298748643702011755e-07 2.715313477827197070e-07 1.725062767441993143e-08 -5.807173785204871672e-08 8.915035621691232168e-08 7.787851433141434877e-08 -5.933692433164703480e-08 9.373451594240992865e-08 6.212988048301388361e-08 -1.042454885941353407e-07 -1.715716093318857006e-07 1.789515368472796564e-07 8.542056877814787601e-08 6.104684745652504799e-08 -2.386448974521783752e-07 4.953753246914079126e-08 -1.236517792317017269e-07 6.688405860967748448e-08
-1.799196150066844321e-07 1.740625294848446240e-07 1.922265701699571542e-07 6.371256581165676292e-07 2.248904324042661704e-07 3.276026145978917598e-07 3.536711157069180123e-07 3.791377877468845211e-08 -4.828388016408379362e-08 -4.752931585982592354e-08 8.124621542715590696e-08 -1.212667784809948972e-07 1.397263060978612252e-07 -1.021256933872579897e-08 -6.676709208795651778e-08 -2.946955295558218613e-08 -1.167453408775584464e-07 -3.411175361601409973e-08 -8.506425687234188354e-08 7.807441117417134516e-08 9.146099218665863720e-08 1.525174055920507004e-07 -1.460704199512675462e-07 1.657776550849684522e-07
-3.639948542409609660e-07 3.455173706255131074e-07 -1.018689453419335571e-06 3.416099874031733417e-07 -6.134536157374207842e-08 -2.796358201898211545e-07 -4.558655480511376972e-08 2.947233661129783355e-08 -1.206016818767130523e-07 1.407497842960883121e-09 -7.153364828868990248e-08 1.195750726228871780e-07 1.817324455429241130e-07 5.439789272578780790e-09 -1.426388339747023462e-07 -3.438079922662578997e-08 2.146900920610756961e-07 -1.390516550568101416e-07 4.518622910739227524e-09 3.004776299943897900e-08 -2.724497501041281632e-08 -1.220500237601147028e-07 4.881402861702451065e-08 -1.003989700428628003e-07
-8.812330583669849511e-07 -1.401705466729765431e-08 2.714003909463741296e-07 -1.948111036867859997e-07 7.540938360215759309e-07 -2.729507687146616548e-07 -1.856041530391800099e-07 4.254585468720364260e-08 1.105545842238544887e-08 1.075080240065498079e-07 -1.464559597523552389e-07 5.601741571366989393e-08 -5.794863700107338767e-08 -2.341287108368586242e-07 -1.000010971301334215e-07 1.286751769885179780e-07 -1.295763383888260576e-07 -1.405027532487140212e-07 -9.060809856871632845e-08 1.741626166010057749e-07 1.177486215489868878e-07 1.067502227970883618e-07 1.244971042041709787e-07 1.133689403934789598e-07
1.681643963123858867e-07 1.090149957802347334e-07 6.428385440084206360e-07 -5.428141630185262401e-07 -4.226321670281592852e-07 1.227189974772956453e-07 -3.037244038348414497e-08 5.260172286836804044e-08 -4.092088452255245226e-07 1.206142119430212305e-07 -1.650894668753840133e-07 -5.748101639142958889e-09 4.765030063562811793e-08 9.400961296484770433e-09 -1.987885855055440219e-08 8.675965618690033464e-08 -3.170421383969835226e-08 -2.936661213044669983e-08 1.905923214063582232e-07 6.588976938139376228e-08 -2.023714989327270184e-07 1.933722111138242250e-07 -1.619829777722988114e-08 -2.337481729613470215e-09
-4.066096306328632016e-07 -4.275006184593424220e-07 7.423396573735957814e-07 -4.083751211067495948e-07 9.034016045191187511e-08 -9.874171857103870408e-08 -3.832173908368196042e-07 -2.207171765362594245e-07 3.862343136861099354e-08 1.261781199851762801e-07 -5.142289130708164878e-08 -7.101960507064174692e-08 -1.402154854164540032e-08 -1.319141814476466099e-07 7.994245645503316855e-08 -4.934741536252980533e-08 -1.317708316949880102e-07 5.209349942886404301e-08 -2.124393484032510175e-08 -2.147038937666700317e-07 -3.172394208201216659e-08 -6.587610760601769425e-08 6.938049731689075473e-08 5.514802845278066874e-08
9.366884769465422547e-07 6.428463392179845346e-07 -5.749012177914637349e-07 3.875987991314612481e-07 2.521725970930557392e-07 -1.154847317814829155e-07 -2.191131870827116305e-07 6.284913324638797635e-08 -5.904330993599760247e-08 3.209886477324695903e-08 -5.947455764727059876e-08 -2.347634320578428224e-07 -2.596960204294917530e-07 -1.019195983883604635e-07 1.719279405422461507e-08 -1.102564873429760922e-08 4.004371489378275952e-08 -3.923269803448692098e-08 2.256126774318849635e-08 -9.515590956794679710e-08 -8.699440988065897007e-08 3.323912183420715409e-08 2.325819080024538824e-08 -1.226206748764980524e-07
-3.793771734648687166e-08 -1.559894856921027800e-07 7.458194524511813784e-07 2.836681722082965038e-07 2.578483080258705561e-07 1.407870865925388770e-07 -1.820121109733271520e-07 1.211127314751208550e-07 1.762815654473393019e-08 1.788022974322552668e-07 4.580484009103903582e-08 3.415618308787897645e-07 -6.844004838664856867e-08 8.293582618788387180e-08 2.453428343166510337e-08 1.622934173867590951e-07 -2.034265667410563403e-08 1.603686638096461240e-07 1.945088494484984859e-07 -2.245210228270205461e-08 -5.326740672896548152e-08 6.711779580629854060e-08 2.292253577363793961e-08 -6.215269657355001316e-08
2.408523818046577392e-07 -9.192152907369862240e-07 6.408987676506104031e-07 -7.676894130622317246e-07 -2.150245570080801277e-07 -1.486266024925772770e-07 4.458299210770757834e-08 -9.627141341077645445e-08 -9.696236025753376398e-08 4.984400867527512876e-08 -3.596359473708724476e-07 2.272420433326164659e-08 -1.015489796290902002e-07 -1.136913458319897905e-07 8.810314639806782375e-08 -1.280428829546781286e-07 -2.419647714854588214e-08 2.240856469224950053e-07 -1.001735392797985566e-07 -1.369631318559032407e-07 -1.549820022540190780e-07 5.322585142929997995e-09 -1.071371221976293775e-07 1.064654689549980144e-07
1.434631688576835536e-06 -9.966605672308388428e-07 3.206414758358581953e-07 -3.275777625533010923e-07 2.789169518418308577e-07 3.254682687226736139e-07 2.547128308615564699e-07 9.048892568646235711e-08 -3.927597936030049601e-08 1.029637644520162990e-07 9.866641811405985437e-08 1.016493672234000367e-07 3.386467201280156015e-08 -2.380825660405992313e-07 -1.784218527989095383e-07 -7.451067455169077632e-08 1.656749900588292139e-07 6.560491571758395276e-08 -2.906305518389910934e-08 -7.248418952193740054e-08 -2.642409493505333791e-08 -1.959871111977273467e-08 2.077819531713457016e-08 -7.110614272075934560e-09
3.082134294374496656e-07 4.510700562000157328e-07 -1.498170584159451598e-07 2.776588357566686885e-07 -7.710623851620055792e-08 -1.541175534342828684e-07 4.636707655108227447e-07 1.229472771220750183e-07 -1.839475579587508837e-07 5.050288991869770502e-08 3.984870103910988915e-08 2.508881106615874366e-07 -1.916784039326984552e-07 1.597662578126713173e-07 -1.375874042665182646e-07 -1.220438134660368203e-08 -1.923801606128917896e-07 1.374352275107126979e-08 -2.855886767043845453e-08 1.324791203577993627e-08 -1.918760899940058912e-08 4.290355391073115303e-08 5.522511892938306311e-08 7.215773850135344718e-08
-4.314100901958167380e-07 2.521576426495496232e-07 3.681534710790505831e-07 3.736589949796095672e-07 1.161278330130481280e-07 -2.343819787757906607e-07 -2.910104362602339356e-07 2.246949147504912623e-08 9.090841865644434356e-08 1.412293527339124978e-07 -2.225503050459986327e-08 -4.679931808784281887e-09 -7.554657396552587946e-09 -5.259153853874368951e-08 4.232254866179385887e-08 -1.567752952995322483e-07 -3.898570563088966497e-08 8.633214232330323207e-08 -4.295593592992027623e-08 1.082412566869460745e-07 1.997778191693254422e-07 7.468252108353534610e-08 -1.242405680121566518e-08 -1.557999777009198182e-07
-9.397075920948070100e-07 -3.621346395482238314e-07 -4.748843021582764867e-07 4.299450809468707110e-07 6.796328433203793015e-08 -2.287674476512145800e-07 5.264625846886638262e-08 3.892556733926543054e-07 -5.870113901869068062e-09 -4.756310255012485057e-08 2.909494528511006165e-08 -1.933351918945427689e-07 -9.699224599450118609e-08 -2.085967222365953562e-07 3.335871303593774742e-08 -1.943177678740300861e-08 1.770814615889843671e-08 -9.084461170963576821e-08 1.598464138417794670e-07 -7.268606629628616366e-08 -3.864196000554174947e-08 5.681891635806176486e-08 -4.295628769307522610e-08 -3.183841879302245834e-08
2.646889086355767099e-07 -2.598478516041927577e-07 1.164685157615435813e-06 9.364754950392704280e-09 -3.397612640822370514e-07 -5.636802474744868119e-07 1.368675610296091227e-07 1.040918267419673187e-07 -2.580164212733935596e-07 -2.913195705118758993e-07 1.743226935492535549e-07 2.148326064920807754e-07 1.414429059788488275e-07 5.688602531946982696e-08 8.103965199326703897e-08 4.556384456574116052e-08 1.272714392355454693e-07 6.857831720110793291e-09 -1.470945488274160342e-08 -6.137178991109787805e-08 -1.366203004412688199e-07 1.242766519541722121e-07 1.597465267226155422e-07 -3.202981792800847729e-08
1.307188481432617409e-06 1.199626954147930140e-06 -1.051463762201700761e-07 1.460797720088627326e-07 4.867985352575880241e-08 2.903310666799944456e-08 -3.712798857309246286e-08 -2.836703029850664243e-07 -2.509899295781967799e-08 -3.116753572630097268e-08 2.311840849543811659e-07 1.017988059054038054e-07 -2.144534495568885168e-07 -2.035535986805729886e-08 9.685204057860895949e-09 -1.389274682370605014e-07 -8.638173758281074475e-08 2.440731139350249045e-07 -1.349095843637465811e-07 -1.087231143836586138e-07 5.944626327908565601e-09 4.277829985142769200e-08 5.250810945577667741e-08 1.102575809507299753e-08
7.264529909165777307e-07 7.622571170462411914e-07 -7.390516395987414979e-07 2.335871596947725085e-07 7.749256611538264123e-09 1.172155351138165876e-07 2.293783281583603299e-07 6.776073906266670021e-08 1.094042346253450027e-07 2.348335465673396682e-07 1.812247296728690298e-07 5.642270175578043584e-08 -3.504295105937774194e-07 4.441769687931882248e-08 8.086352930929623873e-08 8.935595584653894682e-08 -1.138567627240923704e-07 2.508615946989926477e-08 -6.356927065237875910e-08 -1.085776589015655882e-07 1.756311257202516875e-09 4.899598915913156092e-08 -1.470935672924124207e-07 7.884038935970105586e-08
1.079109135643765122e-06 -2.171476044714768550e-07 4.879733857184291311e-08 5.916456419833772442e-07 -1.755470225373426444e-07 5.287626343964341872e-07 -1.752620331664776143e-07 -2.129894778524508996e-07 -8.621724714398259745e-08 3.185030874470802829e-08 -1.384333012143836282e-07 1.002596139133565649e-07 -5.162912619780119757e-08 -4.188899591202892989e-10 -1.792834801240722799e-08 -8.119693585767883937e-08 -1.502035015121048464e-07 4.327005939308824962e-08 -2.025089947386748166e-08 -3.558142053665818586e-08 9.941335268443536244e-08 -3.246200631006199385e-08 2.154226559404904816e-08 -2.561182238149769779e-08
-1.043450465902607873e-06 1.912605143238819651e-07 -3.609693308571590546e-07 -1.167941945258748954e-07 -4.305886765263069471e-07 1.641530189649821925e-07 -1.053866750534933483e-07 2.651183386775221601e-07 1.582214909920020821e-07 -1.070302261504304032e-07 -9.657090259982185543e-08 1.905016557637306053e-07 -6.070305953511998623e-08 1.568323752742851450e-07 -1.812588219822035845e-07 -9.206431612233690689e-08 9.170223261857929800e-08 -9.347890468938886147e-08 3.672061280572206892e-08 1.176827753350863399e-08 6.897852324002056506e-08 -7.087256072018524446e-08 1.879883565177840110e-07 -4.526745984987706058e-08
-1.366778721819541838e-06 1.915163468847736817e-07 -1.255342059229362249e-07 6.585600721697962630e-07 -1.158618310341186769e-07 -9.779724166858282482e-08 -1.757295909935065904e-07 -2.358784560093371645e-07 -7.194736178746027460e-08 5.243508439690425981e-08 1.831142930087823670e-07 9.937749373604461089e-08 -5.589546504177539817e-08 -1.638045565341759490e-08 1.634043491968839882e-07 -8.881019281236414762e-08 3.686207609503030772e-08 -1.926832887504938938e-07 1.604141967196394758e-07 1.781755645736980358e-07 1.584678326118174889e-08 7.643300350200118783e-08 8.357784156813760978e-08 5.930060080534782314e-08
-5.692722503542149087e-07 -7.937789189055783796e-07 8.520787195141517015e-07 5.772989696836760062e-07 -1.922081366576012416e-07 -3.505048145880219761e-09 -7.882085470331645810e-08 -2.792271491657304407e-07 2.731747810240842526e-07 -2.029972154434472253e-07 -2.435629658490909071e-08 -5.777142905065127593e-08 1.655999080005721817e-07 -4.374881534435844631e-08 -5.562981781563959053e-08 -1.738933654092854016e-07 -1.038660744266737680e-08 -1.250953161749019185e-08 2.480370501760023313e-08 -2.344449164752853330e-08 -6.721445755747471998e-08 -8.136075800240470541e-08 1.426949866343825833e-08 -1.231024490117582834e-08
1.436015570018918310e-06 4.895480051667837145e-08 4.579593235273208231e-07 5.032777642397337558e-07 -4.806912891194258377e-08 -2.189139382220388452e-07 -7.397395584650302565e-09 2.282826249427174345e-07 5.615250912156511537e-08 -5.396707506959935082e-08 1.762069985880443950e-07 3.005814847884271798e-08 8.150280067215637892e-08 -5.751675212399260546e-08 -8.835386217519911750e-08 4.580832077704870790e-08 1.205923629366699327e-07 3.505399700149649526e-08 -8.299877656820882114e-08 -4.191165875393322853e-08 -1.543826613607825281e-08 8.469050335212890496e-08 7.809867516996453505e-08 1.355810273611191234e-07
4.730113575558472374e-07 8.924343098540788504e-07 -1.738249651236670477e-06 -1.057498886009675547e-07 -4.118493623035245030e-07 2.552645690008873478e-07 9.764604710655968102e-08 7.011602156580142618e-08 -1.177846051096658077e-07 3.768238321120990130e-08 -8.246790550491433528e-08 1.809155464929064692e-07 2.286276510663496579e-07 -8.209184842584427503e-08 1.456228156148946448e-07 -2.026049639568380152e-07 -1.848729701328492836e-08 -8.300566051521841092e-08 -6.164508601047688573e-08 3.356389861291698717e-08 4.112348750812309751e-08 -4.440732886766037719e-08 1.109557805820430841e-07 3.387231084905611859e-08
-8.507844753772594545e-07 7.769826889500679637e-07 -3.362494254418235443e-07 3.996279307444507401e-07 5.481539879694939585e-07 1.403277747785836441e-07 -6.672223843111718310e-09 -2.596903244265143106e-07 3.938519669001905820e-09 -2.104977842682770071e-07 -1.314386927053191845e-07 -8.754313371401702189e-08 1.040044341036789061e-07 -3.264374486859252531e-08 -3.276791392430141564e-07 -1.325900622945083642e-07 -1.495957223267667912e-07 5.769863544880886303e-08 1.444255540788699136e-08 7.420365398021394181e-08 -1.591426353209204653e-07 -8.374656236921979701e-08 1.934532859248234804e-07 3.424208426818897811e-08
-8.176812523309915070e-08 -9.142449192467069907e-07 -4.618541325584080674e-10 -1.907139103116627429e-07 -1.579234679053890479e-07 6.012117002687714364e-07 -5.854882976627812188e-08 2.457216470272183962e-07 -4.413369135619340901e-08 -8.414700653285519318e-08 -1.101385107122420140e-07 -1.379364457914954302e-07 -2.694060988845571109e-08 2.618831428750696076e-08 9.406325803988095430e-08 2.300590827063737712e-07 2.959263882813615119e-08 3.347508558192060565e-08 -2.319710254609865819e-07 -2.093166182452773140e-08 5.478407728191280179e-09 -1.082284873610209016e-07 -1.359013582734008598e-08 2.767450501990590030e-09
8.589304650375313104e-07 1.077469878776269016e-07 -3.004765855666211561e-07 -2.837267621989311077e-07 -7.894220651108230220e-08 4.789755638052216705e-07 4.940058384996534508e-08 9.216904490089583900e-09 4.454903368897866197e-08 -1.921562770013955025e-07 -1.355626531348468970e-07 -1.922833515534491884e-07 1.357929499372670535e-07 -3.598632030327870982e-09 4.469573015015841949e-08 1.595234039022031656e-07 -1.179573937432343782e-07 -4.535159481600588986e-08 -2.748156282871666398e-08 1.143721722190731921e-08 9.161527771036405127e-08 -2.207234258206799163e-07 -7.410051303842757190e-08 -4.373898282550649792e-08
-9.118658585907625287e-07 -2.086655688602050161e-07 -4.145490630754621707e-07 -2.996131011589052272e-07 2.334149125390468982e-07 -1.835939896790247654e-07 2.570525114976205724e-07 3.041125465125056747e-08 -1.257044063731004197e-08 -2.182485005084646639e-07 -1.107739786200653830e-07 6.193466997906439362e-09 -2.611887772170888158e-08 -2.622759363497165558e-08 -2.133306044573130212e-07 1.594006561256329147e-07 -1.283683941058159631e-07 1.052685340160452970e-07 1.358322185175195730e-07 -5.443791259646456000e-08 -2.830013490455760333e-08 -5.960544034922202732e-08 -2.530918971955645660e-08 3.632092331135021683e-08
6.261935691786559779e-07 -2.737521004885630128e-07 8.099026156707915721e-07 6.500583124916420665e-07 5.836426087511980394e-07 3.646594638227718013e-07 -3.214025236746414398e-08 -1.515741542813438801e-07 -1.410327993368853072e-07 -1.125212184479761536e-07 3.189987594536771290e-07 -7.957804048407865351e-08 -5.974448606792394086e-08 1.087844702687299218e-08 1.038090659350773875e-07 -3.605075553778182801e-08 -7.702772269546960050e-08 8.633286205384853001e-08 -9.018225653527214319e-08 -3.653957174546337419e-08 -4.582588739271291273e-08 -5.227691617202417790e-08 -1.037397045486988239e-07 -2.159911850282848465e-08
-4.396699313529780382e-08 5.569078084991826329e-07 7.600762572189293124e-07 1.229444715189457534e-07 1.958171128946607844e-07 2.877958479766777911e-07 1.537700544130377667e-07 2.062058520677860412e-07 4.878800776854508643e-08 1.249558056832122007e-07 3.907733756477566657e-08 -1.950204252674496622e-07 2.051591492497612721e-07 -1.916178525722517615e-07 4.252736626118986708e-08 2.330639978105546966e-07 -1.218764927924584129e-07 -2.623194834727165277e-08 1.635234116639275684e-07 2.113216656585297803e-09 -7.115095374865885962e-08 1.993653965959764243e-07 1.507657450285072541e-07 6.686582980466068631e-09
-1.861624492546282047e-06 -7.334886113301005214e-07 1.718026553930050622e-07 -5.917936137792997567e-07 3.140907344276594618e-07 7.020697651524815020e-08 -1.064469314427342497e-07 -1.258456481063326989e-07 -1.077511659164098156e-07 -1.717781159540028306e-08 2.808053506141105380e-07 -8.049239845041888014e-08 7.297909113795693815e-08 7.452892617524326992e-08 7.290284443884170604e-09 -4.321458245905937166e-08 7.853953888173390731e-08 -1.610732843005946291e-07 3.365262753859844672e-08 -4.740994076161690715e-08 9.724253939359864914e-08 -3.250704042775621832e-08 1.029159269696029982e-07 7.546066766625756060e-08
-1.526611393555633556e-06 8.693432721839847000e-08 -5.879738514542067373e-07 -5.330009895615210197e-07 -2.343919593995016690e-07 -3.713286781178457874e-07 7.273971507825823427e-08 -1.164211299733175117e-07 -2.024663310860374949e-07 2.023134601431450683e-07 1.776804585554309568e-07 1.160197917788354383e-07 2.883805106845271577e-08 9.184320640459055813e-08 3.794397256670812443e-08 -6.798259423347191678e-08 1.109412041706057758e-07 -1.969733364546451884e-09 -7.467350186221424987e-09 -9.838422482003306863e-09 -6.040108885892728924e-08 5.602337500445836640e-08 -1.779771493174850388e-07 -2.127725311336973363e-07
-7.712055934254290574e-07 -1.405399675622982049e-06 3.067291331791796813e-07 3.508657060364483097e-07 2.735403517549415159e-07 -4.372969846240792606e-07 3.602522800285834167e-07 -1.169723664975565245e-07 1.095286225103510153e-07 -2.135319783680169249e-07 1.776007062943023342e-07 -1.018147029563794941e-07 3.141611605489900859e-07 -3.946847337113153076e-08 7.642963122367061865e-08 7.731757061345279233e-08 -2.090473195966350508e-07 6.223222961451605830e-08 1.611980826721269880e-07 -9.819236835782879882e-08 -9.088292679226344302e-08 9.001485600915574733e-08 -7.712686835701586133e-08 -4.806640879734330071e-08
-4.603353422315489454e-07 -1.343158730002012885e-07 4.829492353031748477e-07 8.741141441490124259e-08 9.662662587586314151e-08 1.166729914707953735e-07 -9.543387563664832257e-08 1.504816773037030909e-08 2.583399381369546356e-08 2.885768458688356786e-07 -1.284662393923590024e-07 -7.611481429775831639e-08 8.995518085518663361e-09 -4.080911509140968828e-09 1.109631249821937686e-07 6.056614422255574373e-08 5.813822315286049150e-08 1.511250871166648087e-08 -7.639593440983137600e-08 1.796117662812417048e-07 1.105527862035505689e-08 -5.696661886275807471e-08 -9.276972730691212334e-08 -8.219788752219184776e-08
-1.340888105827872737e-06 5.514834903609946091e-07 1.184078045505914543e-07 -8.684782329863502240e-07 -8.335052681781671377e-09 -9.558113552973058106e-08 2.825031986590062663e-08 3.859115605381207067e-08 1.085772471684242060e-07 -3.499579174353009447e-08 8.795675336028278942e-09 -1.183195823638120155e-07 3.826043696542516543e-07 1.662067316119811233e-07 1.357179805294776268e-07 5.263653395948468082e-08 -2.395711138440869415e-08 5.037201993765218357e-08 1.349514318489493960e-08 1.472584121465504309e-07 1.078045550203304371e-07 2.612499250446437973e-08 3.026465620120928473e-08 1.593217394729746563e-07
-6.937680179084517871e-07 3.684656126585771501e-07 -8.773049974342815963e-07 1.717139219501653789e-07 -2.967817498895280406e-07 1.173414542401701016e-07 2.003399895433060890e-07 1.969748525000103195e-07 -1.023423628559961279e-09 -1.186387510557866532e-07 1.798675594791857765e-07 3.621412452136081588e-07 2.396467640734701218e-07 1.766982632764394060e-07 1.577008221757063241e-07 7.064282238473587301e-08 -1.257698406283800699e-07 1.056318340617872378e-08 -9.687517962981341231e-08 -2.259814443126158855e-08 5.354120845338871469e-08 -4.546263643036901447e-08 -2.217772981825388926e-08 5.555829464731433882e-08
9.841031780196182541e-07 1.062475351386984094e-07 -2.841104884238522074e-07 -1.235524752056837890e-07 2.954342482928095986e-07 3.622869489960481616e-07 1.445015337712178530e-08 -1.569274993879325102e-07 1.359293957936678360e-07 -4.599274254430921920e-08 5.697010142757564315e-08 -5.984311826002460256e-08 2.042020275763638698e-07 9.638572242400760817e-09 8.346159404455863750e-08 -8.410712556859898020e-08 -9.629853226337243161e-08 -1.727114360262534525e-07 6.319699861286937813e-08 9.529582591591857231e-08 4.864601439603723801e-08 -1.857234070802808783e-07 9.368808743432098388e-08 -3.116489777064031470e-08
1.023735319403557354e-06 6.205817241952827273e-07 -5.203924446313860232e-07 2.526239232059902449e-07 3.102557871269607533e-07 2.223836175493873977e-07 1.586627627118581683e-07 -8.586545186375827762e-08 -2.318870708519839669e-07 1.544497879054422729e-08 7.113006678060125520e-08 1.924244648320730339e-08 8.424353054593835616e-08 -6.013904726678328888e-08 -4.252968330375243301e-08 -1.758977468178821062e-07 8.190737838983694964e-08 2.310957177429896464e-08 -3.752458161909472906e-08 7.099499158480833051e-08 -2.383954991709015118e-08 2.409165498852770385e-08 -9.144437606823347579e-08 2.547215461016721212e-08
-2.321870794091997407e-06 -2.059153492274028261e-07 5.405923786581892238e-07 -9.171916252799289981e-08 -4.117920664175653131e-08 -3.134003753441768274e-07 -3.505674293951429208e-07 -2.684695212088863492e-09 -3.839968330263389630e-07 -7.578038005427972049e-08 -5.211120442583029111e-08 1.641637013928473569e-07 1.033427723374682406e-08 -7.071823006506480826e-08 -9.638149545073212221e-08 -9.713244559098842865e-09 -7.666287432843556534e-08 -5.830879965864199529e-08 -3.889107227481722131e-09 9.436795138108907899e-08 -2.232813526359575637e-08 1.860771754344494310e-08 5.781093333406930716e-08 -1.768786832746605777e-08
-1.989639136052479577e-07 -3.769034066232905315e-07 4.284931249045418231e-07 -1.884000284561474801e-07 -7.293639491202706772e-08 -8.029515891401557761e-09 6.658733998998678857e-08 -3.076934135787705359e-07 6.446567845101580816e-08 3.218137746363239722e-08 -5.691191052051089613e-08 2.774207231247259927e-08 -5.819468063618465863e-08 -9.354154650685539579e-08 3.141641154898766613e-08 1.756365799643084253e-07 4.305086081773513098e-08 -8.967826528875331913e-08 -5.538757748950538293e-08 6.447082041261460796e-08 5.274750547307636602e-08 1.249352948509646669e-08 -5.415353148513069819e-08 -2.527770718137541795e-09
-1.102164807848980843e-06 1.022146712678079191e-07 -1.957489497772205067e-07 -8.905075420536938705e-08 2.538130188210369339e-07 -3.691228220058066545e-07 2.228147610524916445e-07 -9.950248675391009470e-08 -4.142394819694853163e-08 -3.027541683694613849e-07 6.790543842477377383e-08 2.156196070347580747e-07 -1.295721354175684797e-07 8.743362237669309372e-08 1.368984167936055893e-07 -7.708968815201559410e-09 1.195680510673375597e-07 -9.534176614524835536e-08 -3.783750975958998738e-08 -9.344440046980165725e-08 -7.482595988327930817e-09 9.365220063473920827e-08 9.158867101420067423e-09 -8.215491093582496388e-08
1.616880625154318869e-06 -3.958033388720737517e-07 -7.866511782375826614e-08 3.074426130101391511e-07 2.594022574192601743e-07 -5.197145727736471654e-08 -1.539475950940685507e-07 1.082629917295851738e-07 2.332781098643100945e-07 -1.201099636404755519e-07 -9.247430540251440356e-08 6.055244697211761303e-08 -2.992515985364724161e-08 -1.603960464177710935e-09 8.985464827766238954e-08 -1.063310904995567355e-07 6.350257572193859836e-08 8.121014653555105738e-10 -2.042810505502561911e-08 -4.840524570054310982e-08 -1.781809998885805177e-07 1.795686723494142589e-07 -2.003579150863720647e-07 2.745743910186486377e-08
-4.090282308920032917e-07 -2.302663025803961364e-08 -4.238436151600278698e-07 -1.182277840100360986e-08 -4.274962786260202216e-07 -9.649369264959058445e-08 1.234309206330204807e-07 1.141651501533952233e-07 8.527297986713723645e-08 2.084148817601893547e-07 -2.983888417452202669e-07 3.916226199630278967e-10 -1.885328468908197153e-07 -1.760166091207737609e-07 -1.279242653991612651e-08 5.483878946706145258e-08 1.912541705810992833e-09 -2.258319068505603994e-07 3.232850121375798988e-08 -2.160240324342181125e-07 -5.824275469902008251e-08 -5.351453958673192230e-08 -7.457850444852903531e-08 -8.816126068342711200e-08
-1.576764528305485986e-06 6.537350864662073491e-07 4.310134733188750207e-07 -4.302070482257683447e-07 4.503883419904555459e-07 3.591753162806811158e-08 -1.201665890333361840e-07 6.762865438398263208e-08 3.370111322358867132e-07 -3.437102342959142428e-07 -1.882238070780209921e-07 -1.893374820722825340e-08 -1.345804048532671770e-07 -3.245408502083226374e-08 -1.902843196498087412e-08 -1.514966386260583637e-07 -9.392519705202820691e-08 -4.283475095766814156e-08 -1.622359752999095509e-07 2.306750121243012477e-07 -1.282267167401944609e-07 9.265146411180918544e-08 5.970811832567913789e-08 2.955413781555667533e-08
1.886127445829033668e-06 -4.635515645109580148e-07 -1.585434714895081821e-07 2.195484885340319046e-07 1.061983898901973399e-07 3.575345629819409743e-07 -3.556848796571181643e-08 8.594323608530966426e-08 3.366735774066913439e-07 7.902678573819596114e-08 6.413784922882160618e-08 -1.075533963874389755e-07 5.811842421214890514e-08 -8.871448342322239564e-08 -9.241759385266040262e-08 -9.962191196816178054e-08 7.372210832627288060e-08 -8.937902718540197402e-08 8.424681238962261524e-08 -7.955570868690557797e-08 1.245972029261370155e-07 -6.469424018557150573e-08 1.381713088160465820e-07 -3.969522238675907229e-08
-1.669578536317415997e-06 1.108200248223072145e-06 -1.467641876496232301e-07 1.054360662168286486e-07 3.296117991593030341e-07 -3.022923993950252592e-07 7.994980262930434013e-08 1.189485329805334510e-07 -3.645492303239516993e-07 1.392929078997725625e-07 3.337275991377255308e-09 -1.823912391708617940e-07 2.534819318317219606e-07 -1.226878010435680488e-08 -8.578509413462034298e-08 -4.832245360765834237e-08 -1.791413161538582052e-08 -9.663394924774313843e-08 -1.962543876346509295e-07 -7.191601359619981109e-08 2.236266295824687232e-08 -1.055132400738409015e-07 1.267290993208550526e-08 2.093907356587991616e-07
1.160102369167881437e-06 1.074978192650225227e-06 -4.299212055739083956e-07 -2.931863311044274349e-07 -5.331161188337325699e-07 -1.699193437583997650e-07 -1.559810746007150012e-07 2.744652452030938491e-08 2.489879305295650682e-07 -3.005791093356970566e-07 7.449138486822745044e-08 1.098820920509091389e-08 -6.101669612881230260e-08 -1.723730147125997416e-07 -1.037746325949630564e-09 -1.134078157415188539e-09 3.034488370260174348e-08 -1.121681787177219985e-07 1.614246098065557993e-07 1.712607270515756606e-08 8.443589020749898509e-08 -3.131283382420652130e-08 -7.077315337532431603e-08 -5.700386459056808824e-08
6.765066844554615827e-07 1.040081380239570785e-06 2.664086473766523411e-07 1.804393677129683574e-07 -9.065689220012371492e-07 3.092259350012326925e-07 -6.193580031768999895e-08 3.170796515126296690e-07 -9.958584589889591044e-08 -2.681416744171117417e-07 1.455468379297854628e-07 5.815839662664090780e-08 -6.106373373074631615e-08 2.934334179213379018e-08 -1.439209919686085152e-07 7.865224974312946546e-08 3.248155470242675067e-08 3.951033069350060416e-11 1.496151093384917614e-07 -1.630595650911783745e-07 6.570092530018313597e-08 -1.230737137196703456e-07 -6.738147375260167257e-08 -5.553740909320868767e-08
-1.088946306874772972e-06 2.084745568722223801e-07 2.813253855143186502e-07 6.796506456032936431e-07 -9.965122759320347035e-08 1.966046491124463533e-07 -4.066456173169359201e-09 -1.225502382096459338e-07 6.641248654069286960e-08 -5.088538908073025058e-09 7.076806346727467780e-08 1.736305598514651851e-09 2.382088405122537936e-09 9.515597465670416112e-08 6.803490255255176744e-08 -1.043377748207243736e-07 -1.086467700488061504e-07 -3.577279705455824272e-08 -1.639109546194065239e-08 6.315639797298679021e-09 1.038318658485850685e-07 -8.550823432146685959e-08 5.481710348681215892e-08 7.897180907911734670e-08
-9.472051569761380008e-07 -1.308093004117370656e-06 5.434633924276202886e-07 6.304661304054291412e-07 -6.721833448177051015e-08 -6.247546470479361372e-08 -1.245987011817166419e-07 -2.916804222733664081e-07 6.969930251882699282e-09 -5.449415551921563036e-08 7.708965230571283102e-08 -5.830639518535071708e-08 -9.385769257002700831e-08 -1.378511148859325694e-08 -1.263068071220167988e-07 5.830056390133803282e-08 9.157095031337628697e-08 -6.795085998567961680e-08 3.083854398375993917e-08 6.137357641412720740e-08 2.162750245961648207e-07 -1.896568211494031004e-08 -3.504076577023226853e-08 6.577468620360547441e-09
7.998703942773973890e-07 -1.387949881080386897e-06 4.617628608173752255e-07 -1.713475559640070663e-07 -1.313736054462619210e-07 2.814960470968902790e-07 2.268776468704157034e-07 1.411576577621002379e-07 2.069721047772243187e-07 -1.369075645648184081e-07 2.049395918042939472e-08 5.929444963805976366e-08 -1.267171771860052118e-08 1.535091203277828381e-07 -7.901047095808644603e-08 9.284415656383040048e-09 6.940295495857544182e-08 7.357428839027405026e-08 3.868365467332826089e-08 -3.343901912760857932e-08 -8.738613062613234721e-08 2.059699954198273686e-10 1.710563924641300482e-07 1.424135920695977885e-08
-9.441973471749140331e-08 4.032270895694426415e-07 -3.392741211281407457e-07 -2.931309485349512574e-07 -5.492159827314236704e-07 9.284199160918179325e-08 -5.468616116107205838e-07 1.787280338864374209e-07 9.438904056889237957e-08 6.802930291767584268e-08 -5.477054316151077112e-08 -1.969245027354631619e-07 1.610918238188851332e-07 -6.204172590473782346e-08 -9.892949810370901196e-08 -1.715313832561704396e-07 -1.391749350974153299e-07 -1.640032070459001324e-07 9.386024368577886737e-08 -9.607029981827071137e-09 -2.862672537299531644e-08 -4.185698727413156064e-09 8.191961532106564302e-08 1.034157873738459977e-07
7.959747279088669823e-07 6.187109353410810729e-07 -7.171037267249636930e-07 1.137214673406106202e-06 7.144016404747984006e-07 1.153384699235354716e-07 -4.344526733172974677e-07 -1.911134464739525429e-08 -1.781221660018302050e-07 2.026592250409889672e-07 -1.082703548362416976e-07 2.093458534379457296e-07 2.015827785415261109e-07 -7.054426047463766791e-08 1.066679751772783061e-07 1.100099244380189807e-07 1.507686773623539827e-07 -2.393492666421579849e-07 3.357143058496370101e-08 2.351427610021648887e-09 -4.472576806168586105e-08 6.537447678958529984e-08 5.433031251487802732e-08 -1.548385855076476284e-07
1.555079408190977126e-06 7.248589448612216768e-07 -2.195519921619678968e-07 2.343313905579902341e-08 -7.250105156285205165e-08 -2.397454090061539939e-07 2.250224612573933210e-08 9.410210214321777722e-08 7.246284286685250015e-08 -3.455029032826014378e-07 5.300730025118959495e-08 -1.711245449399503231e-07 4.184303652315371138e-08 8.696082900864575334e-08 7.258133614571810321e-08 3.865639056105021657e-08 6.548237839465451255e-08 -2.239450134672264496e-07 -3.538856536801461701e-08 -7.384096985136083494e-08 9.203038327011124699e-08 -1.760172522631421354e-07 -3.141363463208350890e-08 2.165303499072334807e-08
-1.063845958749939826e-06 -5.781154416628928786e-07 3.925087065019459839e-07 2.022371407598953241e-07 4.091266445441989755e-08 -3.658777723108690416e-07 2.032903999876782756e-08 6.229920606291969879e-08 2.421190090679900164e-07 -2.024270727898441280e-07 -1.010852334948073653e-07 -1.907869689153287599e-08 1.927984768867616610e-07 -7.280723663707303470e-08 -9.567692475181424734e-08 3.391767121090600658e-08 1.049615094778755966e-07 2.670914539448442569e-07 -1.827800382005100943e-07 2.519165126235147119e-08 -1.014125932062677053e-08 -2.796724890444974679e-09 9.322472763403300479e-08 -4.936932938854301185e-08
