# Each row is C_{\ell}^{kg} between 2MPZ map and 100 Planck simulations 2015
1.808779848343231626e-06 -1.355538782777266711e-06 1.004087226702560926e-07 -3.571938794800029832e-08 -3.445193445630203317e-07 -5.135737249897194273e-08 2.129392301319433204e-08 -2.909355706785630246e-07 -1.624893263098476280e-07 9.850682842250242431e-08 -4.943590831587100422e-08 -1.861653867078026183e-07 -9.354742008624702422e-08 -1.363890134667193482e-07 5.056020702804806726e-08 -1.552658366226665682e-07 3.170496762134928141e-08 8.049456704925667129e-08 2.034431034574970338e-08 1.044216739135449904e-07 4.242133857464820319e-08 -1.693772044986576075e-07 -4.713540052126389045e-08 1.020237173897415974e-07
4.336287619681008003e-07 -5.644576648263885671e-08 -6.852793748612956701e-07 9.228544473807539821e-08 3.430249820198495061e-07 -2.590818835283660922e-07 -1.272281681716746592e-07 -1.984853762844319507e-07 -1.068486381978424680e-07 -1.880412344105853953e-08 -2.795807399698835289e-08 -1.296265239947267637e-07 -1.032679914954866289e-07 6.015990202448195795e-08 -2.141193599327996572e-07 4.289663794440448196e-09 -3.258452250060839988e-08 2.579195435976638396e-08 -8.267268339690845897e-08 3.582359913616703626e-08 1.114986450353015612e-07 6.218646816820203125e-08 -2.594393430447011164e-08 3.129905421364687401e-08
-2.991508125604172302e-07 5.074305143150127674e-07 -2.387337314308442110e-07 5.639882683494532894e-08 -4.811220401916311968e-07 1.710441252965542383e-07 3.762045912930342491e-07 7.662115038394045712e-08 9.533284842091571381e-08 -1.348330290011807901e-07 -1.623942119512583820e-07 -1.753235027715657351e-07 -2.058555487119709385e-07 1.068062858913097931e-07 -8.316504880279959567e-08 3.982926672233514327e-08 -1.268057854809256586e-07 5.976440078925459335e-08 -7.058630030873152399e-09 1.281441324482389185e-07 -2.573267789631402803e-08 -1.024247073398345037e-07 7.930315809862454215e-08 2.128250360118635168e-07
-8.854532014038243298e-07 -8.070633989773934021e-07 -7.259755825166742765e-07 -1.364523872949838404e-07 -6.987053749918006077e-07 1.789281311161235563e-07 2.524870696380056126e-07 8.333382001125172675e-09 -1.799329289596566159e-08 3.937009571013206276e-08 1.011792343861004715e-07 -4.724603040456307379e-08 1.196943704338530865e-07 -2.151156037252742585e-08 5.950058201784641873e-08 5.156760372929086584e-08 -8.421721755685518127e-08 -1.483896357859454275e-07 -1.689896666616572449e-08 1.287012824621025295e-07 -4.988792032178854367e-09 -2.056368873983237590e-08 4.092827335401731471e-09 1.054653595613502975e-07
7.533561024297266667e-07 8.158884693316572201e-07 8.823860343925069830e-07 -1.207735423269168159e-08 -2.556460548553396627e-07 -2.398668983524664107e-07 -3.014650399432843872e-07 -9.129740929338812696e-08 -5.198558512048669441e-08 1.909287874503561653e-07 9.014577102061479188e-08 8.679287696902622415e-09 2.066649444388553470e-08 -1.832510279096656302e-07 4.080038751506093815e-08 8.329670399533104154e-08 1.198056862049949236e-07 2.224963470443428538e-08 1.247018324339564458e-07 -4.864106202248444840e-08 2.158162735681357649e-08 1.599192745856957599e-07 -5.636677842020039072e-09 1.799132646687808019e-07
2.249584099991465350e-07 -8.503910748467426912e-07 2.314542190976712131e-07 3.103008599447291038e-07 -1.868108064829375310e-07 -1.456734820421987695e-07 1.481666975701970287e-07 1.439859974782470232e-07 -2.791270291683984693e-07 -1.638739111541305590e-07 3.162321014553135658e-08 -1.257657592423865398e-07 -1.056471295617615525e-07 -1.230564207698853635e-08 1.698607403292441927e-07 -1.196147041608509753e-08 -9.223548982627543089e-08 -2.233219742530984023e-09 -9.525356955562489245e-08 -1.509923413948024265e-07 -4.649400364370450501e-08 9.314362907804898501e-08 -9.753035841263890510e-08 1.136947911751891076e-07
1.151227578201896201e-06 1.318280314164735941e-06 -6.599029463532584977e-07 2.032505326250790487e-07 -2.818838878144605055e-07 -1.363347925064538596e-07 -1.995788381776817155e-07 2.500181822270941200e-07 1.271585365336231219e-08 -1.567401466565300886e-07 -1.289645539738425511e-07 -9.869966646310454013e-08 -4.663780304720522277e-08 -1.097856279048636169e-07 1.432481363778985029e-10 8.612663733820577123e-08 5.668074107453233811e-08 -1.196870104430711175e-07 -1.442250383912526594e-07 1.141971596629489257e-07 -9.532637490266571010e-08 2.536171991126270273e-07 -6.945355275512464193e-08 3.559392103807951651e-08
3.546187839425431260e-07 1.542241631437280453e-07 2.321952015254739720e-07 -1.351274105541304310e-07 -1.698462088941040615e-07 1.576372474473838967e-07 -3.457447990499662242e-07 2.000847521664252535e-07 -2.213252776336667662e-09 1.056361951285394464e-07 5.513454929240428562e-08 -3.272868937465229259e-08 3.212408583666925525e-08 -1.396348339967892680e-07 1.824137469614586147e-07 -7.176226137620510239e-08 -4.623261876801071421e-08 -3.439233244226415938e-08 1.598567320597771605e-07 2.916346962133553766e-08 8.023586026295518420e-08 -6.248110538366287118e-08 -5.731374388669225444e-08 7.257495338507780377e-09
9.292487833551013498e-08 -9.340592132453995712e-07 -3.111284191799941205e-07 -1.265022694160680462e-09 -1.642353282517311112e-07 1.717767277320100081e-07 7.686129497013772166e-08 6.310416892985976729e-08 2.464737341746258562e-08 8.539458253553599571e-08 -2.669388144409330849e-08 2.719668945291429400e-07 9.499206750309729628e-09 9.433979879965554059e-08 3.100114634915646467e-08 1.690078580545677300e-08 1.777480938552934287e-07 1.223419780867009765e-08 4.262473305818772119e-09 -9.179257749808128124e-08 4.454288713129433299e-09 -5.840584507271478139e-08 7.930765419632909499e-08 -1.853055392116286081e-08
-7.299690311103634133e-07 -1.382076980382136163e-06 1.010603476407718693e-06 9.208158656388655923e-07 2.335023974221882262e-07 -1.074613625689648964e-07 4.477035250888176058e-08 1.246002625141164029e-07 -1.775410263271504912e-07 -1.505529773454659940e-09 1.946547444135058572e-07 1.968976211154306281e-07 2.643411624809381703e-08 -8.650652205618310791e-08 1.058445161254300653e-07 -1.551079539502614381e-07 4.651708735355338870e-08 9.924568374152563889e-08 7.328852606541077249e-08 8.527714025624342271e-08 1.238436647517533138e-07 1.207197340927482280e-07 7.132058268971801745e-08 4.033754689726318670e-08
-1.394413392028140155e-07 1.306552384654728704e-06 -5.554437799244728282e-07 6.218238120600814264e-07 -3.474331808506820473e-08 2.001418408261712091e-07 4.237222751396231432e-07 7.547148103381299849e-08 4.502649561850911396e-08 -2.525410253457605657e-07 1.076394610696655945e-07 -1.864389947638841143e-07 -1.189969742278645568e-07 -5.266846871245566685e-09 1.413003249055543564e-08 1.089244386061531259e-07 4.835761490127633304e-08 6.416647126831098205e-08 -2.904367838010677273e-07 6.025921291238526332e-09 -5.687942223403905948e-08 2.773200780777885175e-08 1.214117694576042935e-07 9.077356827744544072e-08
6.882712175616362360e-07 1.713338055836589296e-08 2.049064069946392026e-06 -4.675659099406417679e-07 -6.985769673255236640e-08 3.431871270573589523e-07 -1.640143230908013852e-07 2.377981850615305436e-07 3.217425122566734967e-08 2.559363065545429360e-07 -4.086945643247706973e-08 -4.390931096563178492e-09 -5.984604913456178258e-08 -2.368321079574024822e-07 -1.350280931119658208e-07 -1.986139532431578582e-09 -1.009345903268472687e-07 -4.169378597799738673e-08 -7.965986970928626682e-08 1.668401115545801408e-07 4.093200143116357559e-08 1.598083322699911272e-07 -9.813589153235048079e-08 4.349351370864707917e-08
8.909644880363145855e-07 -7.528827258619457705e-08 -8.758248419190618248e-07 6.507370182167751052e-07 -2.358594878130743253e-07 -1.454031563992202122e-07 -1.289903116307099660e-08 -5.301485391581568669e-08 1.486871643154524595e-07 1.583327082181934028e-07 7.308634418022035527e-08 2.687617106574113755e-07 1.577815367544159699e-07 -2.735246847585609657e-07 -7.351758394481603842e-08 1.022649694184961122e-07 -1.826643860530701852e-07 -1.378735117402763629e-08 -2.711552702574786684e-08 -3.550668049834450783e-08 7.310818246970355933e-08 6.572465379390698767e-08 1.425512140855984224e-07 -1.868069761838706022e-08
1.754089686658370842e-07 -2.275906661976513488e-07 -1.817675982728828220e-07 -1.767485736686541377e-07 3.976617242363993738e-08 1.053454326025346669e-08 5.293781106286440630e-08 -1.817017018927250233e-07 -1.822695151973257660e-07 -1.839831403197657823e-07 -4.057863795208006989e-08 2.234418762686241347e-07 -3.841101412992105356e-08 -4.916420273338050914e-08 -4.382028226048337221e-08 -2.474822760828704353e-08 -8.401506922122374437e-09 1.425705790484408297e-07 -6.943363261909200046e-08 -1.773466376039353780e-07 7.609121245815885489e-08 6.937411008218790964e-08 4.007901488037435667e-08 1.161747237732370090e-07
-8.360394655142851915e-07 1.855886939618663221e-07 2.277037418367008911e-07 5.395054299162981338e-08 -1.184631039866501653e-07 -1.764727856736973250e-07 3.378231721396453015e-07 -5.267315765054419818e-08 1.578104859801460484e-07 9.353159874410619288e-09 -9.970329632158929783e-08 9.813926027899125831e-08 1.570637542541044748e-07 2.147878447743439618e-07 6.723902044941135991e-08 -9.254440966619944599e-08 4.038701903409555009e-08 7.883620426529149084e-08 1.661729838815146325e-07 5.007431989331795890e-08 -6.901654178147064281e-08 8.864133727653617763e-08 6.618194934233595279e-09 -9.263849300967622687e-08
-3.755130542353243540e-07 2.776486222093525297e-08 7.069247777357429267e-07 -2.841328101256177054e-07 2.671634975548273835e-07 2.176119678343998374e-07 -3.006884505091284396e-08 2.034555169355391123e-07 -2.968548503222123179e-07 -1.584865888546299024e-07 -2.300339083509367524e-07 -1.155135406103508158e-07 1.047067551163483766e-07 -3.472797160982243748e-07 -7.110970806201323327e-08 2.015860589570895143e-08 -1.731826701307296791e-07 -2.156655272089108430e-09 9.769101017203176388e-08 -3.139066897104503038e-07 2.153608163022902692e-07 -2.595809957518350485e-08 6.524826714277679218e-08 9.798282490190140707e-08
-3.475656798387237431e-07 2.115492921637033952e-07 4.334524861460011354e-07 -2.936123175531016627e-08 1.644975935266635081e-08 2.508878932188443278e-07 -1.073607577645635262e-07 2.918028996361026190e-07 -1.570147394727750787e-07 2.099630051951332602e-07 1.007140864491665954e-07 -1.518674555226205746e-07 4.249856757140904151e-08 -1.548114373280306540e-07 1.028723343998936282e-07 6.123717609944865359e-08 9.770351650588272884e-08 1.456774701973464732e-08 -7.916850382432547239e-08 6.954557220868333721e-08 -5.825100715898968119e-08 1.360137414273166635e-08 1.848854757216531519e-08 -1.229280905345598291e-08
7.719379475545182780e-08 -1.319690193618182796e-06 2.090083795340746149e-07 8.711733876522618132e-08 -2.913162188900676567e-07 -2.333819329182926212e-07 -3.069821936431331918e-07 -1.734748105755182654e-07 5.395658792008457956e-09 2.902244753817767492e-07 -1.970643031416324693e-07 -2.615652652336513932e-08 7.104809153037985876e-08 1.973563620191689132e-09 6.254636351981341562e-08 -2.756057569593207779e-08 1.221424080141692570e-08 9.769885649329518081e-08 -1.959277220967224308e-07 -6.932047780737598750e-08 1.955949918304048626e-07 6.792826222310569434e-08 7.877027272249242638e-08 2.631527335283574191e-09
3.580896977551070142e-07 -1.252154709960493839e-06 -5.902915155735488953e-07 -6.763803267976033771e-07 -4.381554445228529946e-07 1.644153214364291004e-07 -2.397711582525994135e-07 4.843345676281639282e-08 -3.607336528506011142e-07 1.719576738498328629e-08 5.421946239495681130e-08 2.272854386471227036e-07 -9.691124511177378155e-08 5.472562057732744063e-08 5.119960793342239242e-08 -8.388253413255541635e-08 -6.838232570116454564e-09 -5.225359482450608836e-08 4.765407550102598884e-08 -1.498346432445434345e-07 -1.505013032555602621e-07 -1.327133610293118841e-07 -1.356145621498409851e-08 -1.240625456914018973e-08
-1.336763617677816204e-06 7.197401790250831327e-08 5.016590403607798851e-07 6.079624442006124188e-07 -7.651780194356688426e-07 2.098099059598764601e-08 -1.296117263969336630e-07 -2.755451832977326621e-07 1.071953285395816794e-07 1.764456069988786816e-07 4.979286972822409840e-08 -3.830164138137773180e-08 -7.003268356885078777e-08 9.876777111861102071e-08 -2.291042639671030827e-07 2.773414496701284975e-08 3.420123594880587671e-08 7.004797454174326904e-09 -2.875241675207537430e-08 -5.413268278102921868e-08 -7.798306014699611945e-08 -7.803870244938634793e-08 1.504487486138321625e-07 1.148211892445354476e-08
2.080265471246963058e-06 -1.745288180206239971e-06 6.685405130458346843e-07 -2.044128232760728780e-07 1.372065637060530965e-07 -1.332251138349996628e-08 -7.490428721746365462e-09 -4.310757496800066835e-08 2.220274725378802732e-08 6.535521091954505494e-08 -9.072680722165928806e-08 1.344511222337603245e-07 -1.585179062070827674e-07 5.518884038569923915e-08 5.214344273934679099e-08 -4.445269619931024405e-08 -3.145504026911329301e-07 -6.406633573000335180e-08 -5.823439458963206585e-08 5.268843663353860563e-08 -9.703687873428656031e-09 2.713189726430772373e-09 1.634928694804651803e-08 -2.940730230174206086e-08
-8.500140872369237728e-07 -5.120735894375662634e-07 5.028472854744215434e-07 3.078559621675129630e-07 5.162809027484871268e-07 -2.131211671329170619e-07 -8.732623457924632554e-08 -8.838382731482357824e-08 2.908434881173102276e-07 6.435037493511914329e-08 -4.620761036961635987e-08 1.848396429145153387e-08 1.651925477634830071e-07 -9.416112461740749511e-08 -1.502169117619886514e-08 -1.167019287586716335e-07 1.365762091221316511e-07 -7.688729701265942116e-08 -3.100220611616757243e-08 -8.545667729576641043e-08 4.182239832217740883e-08 -1.478760367191373498e-08 -2.358641782465425819e-08 4.336176320992763516e-08
1.051474866605964724e-06 1.290333306313534396e-06 9.160600065273292357e-07 7.978245897697149893e-07 7.143092008963280197e-08 1.372678336044564077e-07 1.774325913092442613e-07 -1.733484901730782148e-07 1.430971574668198034e-07 -2.715999774873652806e-07 1.233120809787445672e-08 2.588906562801559370e-08 1.311995396703860315e-07 -2.333433027349730401e-07 -1.008837957734294530e-07 -8.173630569271734107e-08 1.086646830268443291e-07 6.006668945075596920e-08 7.116746725093837237e-08 -2.173312523307438368e-08 -2.053836025636544419e-07 -7.912490468020340058e-08 -4.488189392069531983e-08 3.151366331985275196e-08
1.504617415766933411e-06 -5.566937524859543250e-08 1.415572914253993204e-07 1.428166642428838121e-07 2.087159644301479238e-07 -6.388351436564692832e-10 1.928717532539229468e-08 2.939083794470796188e-07 1.942431147968817586e-07 -4.482637202477154966e-09 1.130813395284737199e-07 1.839820153275317729e-07 1.877465367648493088e-08 1.233385285506185041e-07 -3.592641262800087377e-09 2.697177144583285832e-08 -3.936057294864458142e-08 7.506203508035916249e-08 -5.343933316501573928e-08 9.671740693557620842e-08 1.544971775486191542e-07 -2.032271147948759809e-07 -4.456076230628066968e-08 3.284367524459195870e-08
8.598636249651050937e-07 8.586791965711899500e-07 -6.221722884066644422e-07 3.574280747238134166e-07 -1.681166152475271698e-07 -1.900039021955714376e-07 -3.986576283224756828e-08 -9.216903064658643771e-08 -9.310830052965808491e-08 -1.644391193627841211e-07 -1.100284305610117940e-07 2.289162993681355629e-07 2.030186629068087417e-07 -5.148374376608742861e-08 -3.337418095784991312e-08 -1.156244609768274897e-07 2.545475728327017519e-08 3.192592866891742413e-08 -1.628630211080326904e-07 5.726536745973204702e-08 -1.531597075615049953e-07 9.498870398565629382e-08 1.863143217143521014e-07 -5.099797895698334017e-08
-3.837049258058609518e-07 -2.115197062200730792e-07 -1.305675658908481801e-07 -5.730313762447448284e-07 -1.520176311365259251e-07 2.189795800058190150e-07 2.423658910516279514e-08 -1.113167533099982240e-07 -4.084440991585811540e-07 1.600680709080863577e-07 7.877133025813394618e-09 7.614133086647400708e-08 7.872303774113732307e-08 9.313595244556277478e-08 -4.239699812040324373e-08 1.089122496657368535e-07 -5.352487148705597495e-09 3.927878797588170541e-08 -8.373965815694817501e-08 -2.452930109164876717e-08 6.992974328355371455e-08 5.791290757593009056e-08 -6.392981143767177724e-08 -1.146525468754512023e-07
1.691568913966985333e-06 1.017955562009778981e-06 1.192493340939184625e-07 -2.734987178339314240e-07 -2.045637018142349103e-07 -2.553584149074567794e-07 -2.497526597705275354e-07 6.937666827462413526e-08 -1.614479955026672681e-07 -6.338940016469182655e-08 -3.380337891716538706e-07 1.510647257910795305e-07 9.929886590506585582e-08 -3.370790815033113974e-08 1.645521427001389093e-09 -1.904425093818896738e-07 -6.222135766882111589e-08 -2.697071344230575049e-08 6.400163698166577306e-08 3.659295802029910688e-08 1.639885253449352611e-09 -3.037714477805825452e-08 -9.276206862342718012e-09 -3.732287876435416409e-08
1.186037499649506272e-06 8.268449732458959390e-07 -1.804165293487222788e-07 4.580705706552553455e-07 -3.288650717648696593e-07 -3.007670656041220629e-07 1.940331588878917439e-07 -1.269581871504496821e-07 -4.188577258840100772e-08 3.555350109074329313e-08 -1.190959096434393543e-08 -1.549584808679932782e-07 -6.611330446118211844e-08 -1.243297827281132592e-07 -1.899728573529277262e-07 -8.242561345845059930e-08 8.622093302666469984e-08 -7.625014671120353602e-08 1.653365307582702099e-08 -2.194770087121214600e-07 1.720206306716520327e-07 3.057859020067707425e-08 -1.551182386294975912e-07 8.283156910754576997e-08
-7.085020720082896701e-07 -1.702146948927913290e-07 -3.005412468172172122e-08 -1.983147609578104462e-07 4.605047266131077708e-07 -2.998269576772882642e-07 3.362543811076873421e-07 2.867345924592703252e-07 -6.602652326831276361e-08 -2.207462524384391008e-07 -1.583878942780683579e-07 1.029243929232576092e-07 -9.096628766034785604e-08 1.775443140523490373e-07 2.557977881919261487e-07 -1.379494388604464955e-07 -1.277979135725187468e-07 5.301179961947664330e-08 -4.011938320258522381e-08 2.842155057241158800e-08 9.315075922739372128e-08 4.173201955673298699e-08 -9.790421569146196613e-08 2.205054003914711890e-08
1.029147536542078517e-06 -1.128893091068546494e-06 1.297170128338312108e-07 -4.316825099085362815e-07 1.888987260183961146e-07 -5.641224863604459272e-08 2.048239617373457796e-07 1.109602880735109271e-07 -3.312721992513784252e-07 -1.694420220727864840e-07 2.450674924380666647e-07 -2.110816065204119910e-08 -5.280097988014474304e-08 1.232327102996722192e-07 5.626215205446540299e-08 -5.159542179969811736e-08 5.606151688832375921e-08 1.086533861179812183e-07 -1.243469466803027281e-07 -6.527164678872357312e-08 -8.172224248123614403e-08 -7.690637536350979715e-12 -6.489080637421417933e-09 -1.174914448825328249e-07
9.862623236591807342e-07 1.559149463303578242e-07 -5.565237811823329084e-07 5.812852247409995882e-07 3.180898618030199872e-07 4.171333239619173105e-07 -8.638435361576100149e-08 4.040413932230518670e-07 -1.099462600811841913e-07 -1.005620868167137653e-07 -1.536245877804552426e-07 -2.092884255399477110e-07 2.798066666727440515e-07 1.708797289994528185e-07 9.816489928140223546e-08 -1.460733689977072694e-07 -9.638144960967685410e-08 -2.043707667823098783e-08 -5.560547192492714450e-09 6.059815765050837116e-08 4.832891157101904610e-08 -3.226687047838629380e-08 -6.151394863335119201e-08 1.703670406415436201e-08
-2.647250408731531259e-06 -8.123591830714580327e-07 -2.425407349950952749e-07 1.618316809337729791e-07 1.118130125934627924e-08 4.472352221402384860e-07 -7.183034359816620617e-10 -8.865100611777201631e-08 4.846625373627827074e-08 -2.176482995510605414e-07 1.636592140918991890e-07 -6.899956413352088962e-08 5.878204002671900190e-08 1.347410256041606095e-07 -1.704440657924600289e-07 2.523783344764366494e-08 -7.281160219883826059e-09 1.419866267262411051e-07 -2.228967432984678431e-07 1.222463664958657920e-07 1.641792266774749274e-07 1.425899872895382159e-07 -1.318441432731707611e-08 4.275970588269582260e-08
-7.851667854655642677e-07 1.287994860575436473e-06 -3.766756676433737886e-07 4.972831522628179807e-07 -4.227254124838689284e-08 -2.140396355389795074e-07 9.517619749456481108e-09 -1.735986389566788496e-07 5.461979223338964703e-08 -1.572350638728297939e-07 2.770966077236868251e-08 1.443445110659184989e-07 1.429246637607968995e-08 5.137452130421903444e-08 1.587111507599308344e-08 -8.000310109462663069e-08 -5.950880930240151786e-08 -4.493023362843047658e-08 -1.850468825915868666e-07 -4.196991390941319821e-08 -1.177268132938872992e-09 1.540629765323790981e-10 2.487834131844802763e-08 -1.109064968450470917e-07
6.118922844310210619e-07 7.298728976937797366e-07 9.057183357454462562e-07 2.775519016999736356e-07 -4.170654421015728538e-07 1.580570867094801482e-08 -8.831468854831472159e-09 2.047199936524388245e-07 1.168344635723357663e-07 5.713169610477836008e-08 7.271743334436388934e-08 -9.168332574241800122e-08 -1.737646957366752215e-07 -5.356370123603630846e-08 4.325685331038181421e-08 8.474898888735212206e-08 1.044514364988821765e-07 -9.496043416856361699e-08 -2.100257217530877533e-07 -4.962565930790969564e-08 -3.906551909665623598e-08 -1.769993027447195994e-09 1.258835361409987738e-07 -1.575153202280480443e-08
1.149015485148929867e-06 5.980366253316218822e-07 1.070190072338961700e-07 -1.221882715480988594e-07 -1.985703942065504769e-07 -2.586583419992741281e-07 -3.261596512620867193e-07 1.419587650493956812e-07 -7.851865741649822634e-09 1.406802614593618031e-07 -2.198029463992650358e-07 -1.317294480091752049e-07 -1.705856747494209746e-07 4.388139451317853830e-08 -6.473381980134300181e-09 -1.698737299484042946e-08 2.632372215323901555e-08 -3.145768904180095648e-08 7.491378948018172767e-08 -1.213352271355973989e-08 -2.431728417889619387e-08 7.861207371561830297e-08 -3.253773305364110847e-08 9.868628444732077183e-08
-1.784623532464228109e-06 4.114087675318474117e-07 -1.282086884513592327e-06 3.015769678417458079e-07 -1.987478095298785292e-07 2.536776612538406514e-07 -1.095969989206327828e-07 1.134658486774232117e-07 -6.794318469310869807e-08 6.776948980220872131e-08 1.539915742571393339e-08 3.197408745796556390e-07 -2.999610958865171190e-08 2.119891460212607190e-07 6.490128933511656442e-08 1.470805297261784756e-07 -1.102725893260700733e-07 1.721425123985163143e-08 1.408979498641079361e-07 -1.597954726986760140e-08 3.007017326626928813e-09 1.673214573870546004e-07 -5.741382382440934603e-08 -6.053187780481033295e-08
1.622766686347458223e-07 -1.060324812639377070e-07 -2.543134838172597795e-07 -3.530798646733911588e-07 2.469682438051768933e-07 -1.961551833343290400e-07 3.248472735852920586e-08 -8.704987199555187349e-08 -1.371603134857872017e-07 -8.637708446295049627e-08 -2.823337901127582548e-08 -4.972885349016175807e-08 1.647147682182361414e-07 2.301664844795831262e-07 3.824475911266144550e-08 6.648203219964809389e-09 5.894420016826104935e-08 3.794581130451349663e-09 -1.343941194985193490e-07 1.984616061190355194e-07 -1.323952912711018271e-07 -4.776250382293880324e-08 5.669925125541567244e-08 -1.772906775491845734e-07
2.807235507242225314e-06 8.891025848574607075e-07 1.236558928578216909e-06 -4.306444663953461143e-07 2.007682367893015347e-07 -4.047233546128029040e-07 8.012793712190323246e-08 1.365286179002168770e-08 -8.637629637289581971e-08 7.538718310276553194e-08 -9.230096262884974873e-08 -1.022774338291755131e-07 -3.488889797533771212e-08 7.674271018427967529e-08 -1.963216308495268079e-07 -8.836884680321799680e-08 4.264644050250240000e-08 8.172626657867263254e-08 -1.080298686077503015e-07 4.559829748444815376e-08 3.813939762344028779e-09 2.689648948624883729e-08 -7.020858791137940744e-08 8.615144923238652235e-08
-1.223204467773446536e-06 1.201305181389786819e-07 8.022419925703653999e-07 7.296944240311999808e-08 -4.718815417283253485e-08 2.394499252272049242e-07 2.789763576112988547e-07 3.063189659962797393e-07 -8.381089167975242062e-08 8.136842088913648607e-08 1.423578266227378427e-07 -1.721512558483910746e-07 3.001482958665455888e-08 -1.175085532622261175e-07 7.917409097773905167e-08 -7.643387930970180052e-08 -1.069978966663301242e-07 5.036893312526338244e-08 2.736044098186369294e-07 3.342470846385039198e-08 -6.994694866051868206e-08 -5.109891494944941372e-08 -4.897618933558491000e-08 -8.591981880128919033e-08
4.696189731104695334e-08 -1.718266251629613565e-06 -6.482132420155630261e-07 7.105839120812904969e-07 4.671384697278362386e-07 9.778361775876746637e-08 -3.520589105698746950e-08 -1.885591940182641779e-07 6.081932145421270604e-08 -7.755976053740206899e-08 2.360730655599735244e-08 -5.390438055340523012e-08 -1.367190968446854474e-07 -9.736259617186724661e-08 7.931102288989383513e-08 -4.151172745707684916e-08 -3.172930542098053677e-08 1.870358106205157771e-08 -1.071641541472349019e-07 -4.977986179056081573e-08 -4.486151928630666910e-08 -1.553347740742047532e-07 2.464774659784269844e-08 5.636389055941167922e-08
4.371650764468577587e-07 2.585109522339050406e-07 1.515508352203698242e-07 4.968471526879438519e-07 -3.177487712227704974e-07 -2.338643309910352334e-07 1.895946455661817373e-07 2.224535776947602615e-07 2.929693850427877648e-07 -4.998641555787420953e-09 -1.851041943200271098e-08 2.230103556174297649e-08 -2.166473473622579217e-07 -1.714505318546537396e-08 1.739306362042096267e-12 -4.246711633972273640e-09 -1.634623227387193651e-07 -2.277331078137809446e-08 6.974521996693216212e-08 -3.166963803520799196e-08 2.925829520967054320e-08 2.263754860601701665e-08 1.537060127468104511e-07 -1.391906868888818984e-07
-6.427572286016806123e-07 -1.280387750282932599e-06 3.344189376188609141e-07 9.234410373624580164e-08 -4.507565580108380403e-08 2.114917013594217282e-07 2.737258855748471734e-07 1.446801942352259313e-07 1.428235338828188541e-07 -1.232667160747347659e-07 -2.321289461018076324e-07 -1.783827453893172981e-07 1.311877804859163511e-07 1.544343377773261292e-08 9.881284307603268072e-08 -1.720933112571910933e-07 -3.875054744233947328e-09 1.052230065731164919e-07 -1.155843319395443580e-07 -9.385134929960433464e-08 1.091905569053617856e-07 8.714245311661613702e-08 8.436172387553230946e-08 -1.183647612314530446e-07
-1.854469297393924001e-06 -6.878008141014824808e-07 5.791709473060864313e-07 2.298258643595354618e-07 -7.425393145702979431e-08 -1.391923481934795950e-07 5.817240563619928969e-09 2.114200248765687521e-07 9.936607040430267637e-08 -2.036791203066827762e-07 3.571015275916833594e-08 9.463929228081998792e-08 1.112213089430143461e-07 -5.951711828445863866e-08 -6.761535444302733558e-08 -5.247168139584842283e-08 5.234710734785363089e-08 6.296648156447074393e-08 -8.085974262926093658e-08 8.806106033187652448e-08 -3.313864602066302742e-08 5.282355810678758287e-08 -1.609382925707072239e-07 7.554615274797113956e-09
-6.054485906831205632e-07 2.727873070473366163e-07 6.659844537712207376e-07 3.317038059934604039e-07 -1.970452329180127429e-07 -3.757946802081652173e-07 -2.105796672221461497e-07 -6.883797719571079397e-08 -6.032110822736005031e-08 -2.148333974131169799e-08 2.267998080519202321e-08 -3.869742648851159055e-08 -2.702316131828611054e-07 -8.786530724971954522e-09 -8.097187313456008540e-08 -1.178959369451324040e-07 6.598498758960693976e-08 1.312850535262230642e-07 -1.803300611617736351e-08 1.785584400469903550e-07 4.910662679490829743e-08 8.504411440049715586e-08 -1.118104555920518991e-08 7.119040770065822746e-08
-2.495550496920028422e-07 1.315979202870038917e-06 -5.661961597389808891e-07 -5.798191943410422531e-07 3.889040840848982048e-07 -9.041621689342481917e-08 -2.905693112391483468e-07 -8.932390951022199586e-08 4.632213311001988746e-08 7.228965441359093793e-08 2.012211105056805764e-07 3.342791232773268269e-08 6.447017450302290703e-08 -1.378648372910189627e-07 -5.216657651077151834e-08 1.384042122499149811e-07 -1.018430715466903904e-07 -4.421537582676238967e-08 5.038422055433228869e-08 2.156201647072959438e-07 -4.213436690367840414e-09 1.221949362023513497e-07 4.107696750969974392e-08 8.445149610680389865e-08
-5.968186168569262148e-07 -2.400155636417192544e-07 1.857619167650914886e-07 -4.130107851329266333e-07 1.036945758969231580e-07 -1.807929050439564861e-08 1.097655249081304649e-07 2.574395818395464695e-07 -1.112776345447574293e-07 -6.436156867404883356e-08 7.330808243835750007e-08 1.218505496748736617e-07 3.705375725791186015e-09 7.283962188377577807e-08 1.619728659150978188e-07 -1.253154072537223681e-07 2.132612963942009095e-07 -1.474374872620818853e-07 -7.314596128003959041e-08 8.708064353523416306e-08 -7.583615643668754646e-08 1.052116475654605536e-07 -8.952181739659739309e-08 1.160079585261848694e-07
1.198500533989485009e-06 5.341094810760613149e-07 7.075518325299704970e-07 7.092199767192551283e-07 3.135341210181162836e-07 -1.210537377865253791e-07 -1.358323548670203923e-07 6.288757690836285506e-08 -1.762897641060364183e-07 4.459748541657833874e-08 -3.095444245785235527e-09 3.589528204203012759e-08 3.674735164744902502e-10 -3.008299421442575882e-08 -1.355664555418576376e-07 -4.827315160383817782e-08 7.169947605614607211e-09 8.669889063417654446e-08 2.526312231218745439e-08 -6.857606088331386716e-08 -2.045347940745518219e-08 -6.853402321850912994e-08 -3.725597928959574334e-08 -3.562369327071974364e-08
1.227061164414787817e-06 4.832615563444628694e-07 3.834007945331072113e-07 1.616125175041027126e-07 5.297998703368425809e-08 9.569733954507156338e-08 1.242681095793428582e-07 2.772687240125470172e-07 1.485118522547611524e-08 -6.144276602239641259e-08 9.139638863806470253e-08 7.934265103137947613e-08 -6.696146925590012187e-08 9.361527748605570253e-08 6.414132681072093245e-08 -1.032556100932463728e-07 -1.669683447948162451e-07 1.830267810151212732e-07 8.745871175893005903e-08 5.542785331302112612e-08 -2.374468867577187016e-07 4.453820494012355266e-08 -1.311730460470996781e-07 6.099288533248170227e-08
-1.955668376396101802e-07 1.651629866810600542e-07 2.016561912717161462e-07 6.538556639264175074e-07 2.297150113419638531e-07 3.305400298357138274e-07 3.615399771079929580e-07 5.807336370553413451e-08 -4.254260330388544613e-08 -4.567175228245654383e-08 9.000018002920633431e-08 -1.160914336127608521e-07 1.423976348754622298e-07 -1.673235894303308285e-08 -6.308367655232260363e-08 -3.080013671199529025e-08 -1.182386954946168787e-07 -3.749958560570524191e-08 -8.686159884327017354e-08 8.099345353308978547e-08 9.257511324375856559e-08 1.573216141726723119e-07 -1.458556716391403077e-07 1.689197890293248187e-07
-3.899541555890780154e-07 3.207852546119623968e-07 -1.033470445365978560e-06 3.300776531928085328e-07 -4.930197880681575670e-08 -2.803417351463224814e-07 -4.138451739525283497e-08 2.947622761215721090e-08 -1.233926405064852198e-07 1.410603609283871427e-08 -8.365342352367784225e-08 1.132085791780292521e-07 1.825133633987733255e-07 4.780107353500811088e-09 -1.357882738749285305e-07 -3.532088565219950952e-08 2.198828165129421940e-07 -1.314710514865623530e-07 6.468183300157982511e-09 3.421629144721927808e-08 -2.649764908960033701e-08 -1.268998162256390677e-07 5.708001373020488883e-08 -1.016643743955548405e-07
-8.845137301254096882e-07 -6.821922793823924422e-10 2.661481082957978316e-07 -1.915695204870923248e-07 7.520984712473174513e-07 -2.711334139419406722e-07 -1.902263017325566617e-07 4.324107094547072144e-08 2.016294099872757223e-08 1.057012938292785200e-07 -1.600383522164074417e-07 5.420034473866048753e-08 -5.612184295855207472e-08 -2.436822250539581628e-07 -9.956140375593919264e-08 1.313519821057984499e-07 -1.220476813284906957e-07 -1.401825711607687171e-07 -9.819243826736020327e-08 1.633893309656726046e-07 1.216241542919710994e-07 1.059755225483870587e-07 1.152088783603558112e-07 1.214329101366993823e-07
1.413364217697969967e-07 1.117746130510189309e-07 6.460728856090220334e-07 -5.434950839680784228e-07 -4.233800225556933152e-07 1.293944930279591700e-07 -3.504385413260697086e-08 6.065699139655368667e-08 -4.146804729482242377e-07 1.210274881242887831e-07 -1.689764699383051391e-07 -8.581920380623497428e-09 4.456953353247952792e-08 1.582102521111172358e-08 -1.852753044060412052e-08 8.766622786840654175e-08 -3.243302548396704588e-08 -2.586553069789990002e-08 1.911282831026966933e-07 6.747769657630982157e-08 -2.077501335697462003e-07 1.993028017883362779e-07 -2.249978480191263401e-08 3.225239356218389109e-09
-4.043256698133935969e-07 -4.036786600685114479e-07 7.409820368248580836e-07 -4.053018681144731241e-07 6.754444127650891357e-08 -9.498671904321292295e-08 -3.925090084960678766e-07 -2.150937560227983900e-07 3.227679478338144440e-08 1.298348855085014637e-07 -5.909018512977492813e-08 -6.047714877293159371e-08 -1.634476463736397609e-08 -1.336395613139413732e-07 8.333834447068792905e-08 -4.666482362936262673e-08 -1.382470088175601543e-07 5.768744672563816608e-08 -2.170047893967636118e-08 -2.144614555626121081e-07 -2.917241438946791078e-08 -6.731228645422524881e-08 6.914560012314123375e-08 5.350829991426904398e-08
9.025662984435023013e-07 6.441967560968710252e-07 -5.751099270453374577e-07 4.033053590976093530e-07 2.571997154152293402e-07 -1.084874352460020322e-07 -2.223280218848294640e-07 5.619993282141311077e-08 -5.909375949680513141e-08 3.821448178562179306e-08 -6.561673001195167243e-08 -2.299150346353813261e-07 -2.591131575609550993e-07 -1.127267915796602050e-07 2.196302150094352995e-08 -7.463731240139746761e-09 4.149588178460762647e-08 -3.630724693453662005e-08 1.687016198940191736e-08 -9.787245892594383191e-08 -8.735093389273977909e-08 2.916631039082664403e-08 2.809468142336064141e-08 -1.169968430785282111e-07
-4.784426355599078141e-08 -1.652497721617789196e-07 7.492922574589444104e-07 3.071610324516827447e-07 2.543923525359598845e-07 1.367001472802294988e-07 -1.676067902784324940e-07 1.214283643378969183e-07 2.643181494136817289e-08 1.871548238362161286e-07 5.433417085150495360e-08 3.440524026134815504e-07 -6.421989360711904176e-08 8.141821055920010295e-08 2.633720311443453966e-08 1.652836925583573234e-07 -2.107703143072112811e-08 1.584223019529341620e-07 1.996273753158052248e-07 -2.439665230002423973e-08 -5.160723653408159264e-08 6.615729544847370333e-08 2.150848089495691724e-08 -5.348894865256067431e-08
2.583579395040955452e-07 -9.324900981549820871e-07 6.563901696415957940e-07 -7.789561418367416152e-07 -2.268895912905640522e-07 -1.573281494505786226e-07 4.356966840197502860e-08 -8.738770077939833097e-08 -1.023720676563493964e-07 4.704559711857592767e-08 -3.619874832370670015e-07 3.081077799267924557e-08 -1.026678977904155844e-07 -1.161621478779650110e-07 9.598861077150721634e-08 -1.255496094552489156e-07 -2.817337306952495731e-08 2.258470856787583789e-07 -9.413651160892436657e-08 -1.393474615819645098e-07 -1.534325087738567752e-07 -1.959344496774874248e-09 -1.153682914323613517e-07 1.092802289073210100e-07
1.443667673687103372e-06 -1.014469516779134941e-06 3.152804592625230643e-07 -3.244682693076578915e-07 2.847496536151376840e-07 3.322069046676833828e-07 2.586297248372297967e-07 9.915085669705126446e-08 -3.781055779491610318e-08 1.100496810790909772e-07 9.626132010944975960e-08 1.089479916617655047e-07 3.166865887902055166e-08 -2.451690882327142470e-07 -1.736506813342355533e-07 -7.743404715907609837e-08 1.652256679773405055e-07 6.294458362808595001e-08 -2.817584904348927728e-08 -7.080716818844409895e-08 -2.957557866325933973e-08 -1.796562932857219759e-08 2.796320117779176055e-08 -1.876977836377838715e-09
3.483303490172418768e-07 4.778404153050172716e-07 -1.506874482984806614e-07 2.751017489000821539e-07 -6.981408337572338303e-08 -1.418732588932322935e-07 4.644566641399486231e-07 1.215917025789083459e-07 -1.938682449021383012e-07 5.059129566168698205e-08 3.090608842604313373e-08 2.534957178648469647e-07 -1.915599632047916828e-07 1.616282624626956060e-07 -1.401657609656619916e-07 -2.038283813261690957e-09 -2.005368711990782855e-07 1.962426452056397887e-08 -2.725200294417735810e-08 1.545097882934381901e-08 -1.914037127559758851e-08 4.164476613246610441e-08 5.466107571014880620e-08 6.988271011482629900e-08
-3.942654944265660659e-07 2.697964007824101148e-07 3.804086545320419256e-07 3.735469983091983882e-07 1.181842321037541535e-07 -2.354599159931061098e-07 -2.966510632063218114e-07 2.436182273440606615e-08 9.978670688325584574e-08 1.450208176263484489e-07 -1.773242997206877521e-08 1.614546955354915029e-09 -9.421382819369927985e-09 -5.253616414667531622e-08 3.687729323979016755e-08 -1.612029528693404356e-07 -4.415904029863368606e-08 8.520054943201319503e-08 -3.625880427632719213e-08 1.034049326338599239e-07 1.988298830162405731e-07 8.025314563985802617e-08 -7.037668660667557899e-09 -1.583516495954227480e-07
-9.297369493934058911e-07 -3.496372360314521119e-07 -4.550934911847504773e-07 4.286495378956141827e-07 7.565091071632345308e-08 -2.248422009399187194e-07 5.805189815605022639e-08 3.889778080984182098e-07 1.506371031061278390e-08 -6.122579238609291192e-08 2.303701933116813334e-08 -1.911821113350553469e-07 -9.575897675288336542e-08 -2.157363445440991815e-07 3.856016137111645213e-08 -1.195235567515732369e-08 1.663405206066480272e-08 -1.010875749387026130e-07 1.592574766729541116e-07 -7.079858249098728338e-08 -3.588470095987968296e-08 5.837088005359149184e-08 -3.732187999641706693e-08 -3.684752638972245431e-08
2.796586194356978900e-07 -2.672419841205691578e-07 1.165786125465917127e-06 2.405385354532696257e-08 -3.445920616176778681e-07 -5.666540952562725051e-07 1.474907626430286260e-07 9.674071755803067732e-08 -2.595823138248918486e-07 -2.870846203370553514e-07 1.728702230780412222e-07 2.149540709281143253e-07 1.481883943846090506e-07 6.021020161650204732e-08 7.658237649235626189e-08 3.533763996814138313e-08 1.370734012910461039e-07 7.115823906365230855e-09 -1.049264560827436500e-08 -5.883815686672125927e-08 -1.359237717749812905e-07 1.242408204923289169e-07 1.588055131633198435e-07 -2.744247369450866120e-08
1.309843114538131944e-06 1.190966326735274087e-06 -1.068426314322733359e-07 1.435923169070840506e-07 7.000919754312198761e-08 2.931473962318970853e-08 -3.225230446208551091e-08 -2.977877973906047149e-07 -3.188961759006829406e-08 -2.524591132096345306e-08 2.385168512981367044e-07 1.045875028737222705e-07 -2.228553288552586080e-07 -1.929966298199145672e-08 1.303599984052752221e-08 -1.379506299061910185e-07 -9.685729814363278048e-08 2.385354244817751228e-07 -1.294527036026644408e-07 -1.118862717979647559e-07 6.313247579005513489e-10 4.730910942372371412e-08 4.969235092193487131e-08 1.103006787850098103e-09
7.349732066756175720e-07 7.792953013728194319e-07 -7.379856137790676330e-07 2.189983553320594451e-07 1.085730988616104044e-08 1.067993106880362622e-07 2.283700931501950014e-07 7.355666346545095389e-08 1.116448281632919806e-07 2.305756187084647398e-07 1.849292482775976321e-07 6.174291800594596554e-08 -3.592239588884221742e-07 5.465473464120718027e-08 7.441065189018267997e-08 8.027748273422026818e-08 -1.136506984948131619e-07 2.139573701155888690e-08 -5.805515761340137479e-08 -1.064611226152390547e-07 6.685928591811762751e-10 5.163415918786728746e-08 -1.541453309013983946e-07 8.503250861610797594e-08
1.100854902209524196e-06 -2.084740757006915400e-07 3.500132331873726450e-08 6.060343106868935850e-07 -1.715999148777301694e-07 5.395925503299282949e-07 -1.735055394460708573e-07 -2.085906657764233748e-07 -8.095616858441588873e-08 2.371869575774374755e-08 -1.293953114687972584e-07 9.860762774227413795e-08 -4.943652919657225292e-08 -9.379200060504802162e-10 -2.021272362027246137e-08 -8.053871175129565999e-08 -1.511999581442465979e-07 3.879246944447870752e-08 -2.337865948242598152e-08 -3.064505048062992351e-08 1.011336687981398341e-07 -3.402305370899755312e-08 2.128805748954480622e-08 -2.886615180295592392e-08
-1.051537327625057372e-06 1.765974266992490044e-07 -3.435887572128810971e-07 -1.165582701359774719e-07 -4.302703745561054336e-07 1.686091809497059292e-07 -1.100088003941517919e-07 2.719320347509947043e-07 1.599868027120819226e-07 -1.044086296047994804e-07 -9.450364818261686635e-08 1.874853345878827488e-07 -6.844601942448342033e-08 1.556054408805854615e-07 -1.787686146037499510e-07 -8.637167655355989690e-08 7.621357886533519963e-08 -8.533637076778161594e-08 4.308402104981758165e-08 1.098546604125831775e-09 6.552282083155738335e-08 -6.661200296354121261e-08 1.888357806246692031e-07 -4.419304652531436115e-08
-1.397509963047108157e-06 2.098754145726799397e-07 -1.471206987304688795e-07 6.656628795309973918e-07 -1.344599264209453818e-07 -1.021264785646476186e-07 -1.862012499310401571e-07 -2.262718339333052704e-07 -8.015034058807180320e-08 5.315999012695483770e-08 1.841762674738833390e-07 9.423134041060559483e-08 -5.493926728658569868e-08 -2.294644011310252648e-08 1.648567775877722724e-07 -8.652280923361591731e-08 3.020686158618870691e-08 -2.014021780602145693e-07 1.614266609702537593e-07 1.864834793224191542e-07 2.259263015073531685e-08 7.878688932592457704e-08 7.979666739558967114e-08 5.115336249868778675e-08
-5.794642493141605330e-07 -7.748266675266637421e-07 8.437466945755992738e-07 5.641765961341465670e-07 -1.821672212960565971e-07 1.617303347215717442e-08 -8.071706033417094868e-08 -2.733812049741798488e-07 2.671790305281480873e-07 -1.917020392988659810e-07 -3.420678580846938092e-08 -5.881789763603252824e-08 1.694120619492175112e-07 -3.937647382448935388e-08 -5.823134948916614852e-08 -1.722903637682491517e-07 -7.795777135088478025e-09 -1.334404084056513578e-08 2.496115755770286542e-08 -2.457366145196853864e-08 -7.060688670168050691e-08 -8.873456424174618113e-08 1.488495084876763886e-08 -2.884229241707979488e-09
1.458482398348800105e-06 4.216052188878525823e-08 4.450539582988555536e-07 5.262523153770766986e-07 -4.686523931931969817e-08 -2.155916347464685486e-07 1.888180680657923368e-08 2.211099533087607287e-07 5.915149136480605158e-08 -4.620941968504891905e-08 1.774819356142113864e-07 2.843223518153845530e-08 7.536005657033866246e-08 -6.381898514811506216e-08 -9.525546351643500888e-08 3.465281675931092662e-08 1.188587956125089959e-07 3.367375269878928541e-08 -7.771645084253754196e-08 -3.866850671512835944e-08 -1.798675697767264445e-08 8.442793309968777262e-08 7.544570080232003315e-08 1.277975886144826506e-07
4.731526463541014235e-07 9.028396626173495293e-07 -1.742649605935882575e-06 -9.454708590076949512e-08 -4.063494937576299924e-07 2.489541883613007000e-07 9.276141081404473059e-08 6.862071276640785512e-08 -1.102570911856685419e-07 3.188503976742845983e-08 -8.958135576520611414e-08 1.772990264486456317e-07 2.272218483547349888e-07 -8.231161942943801193e-08 1.438607900005683321e-07 -2.064393329614039413e-07 -2.035068556843544006e-08 -8.276031939084733965e-08 -6.644431778004223086e-08 3.561582047298602501e-08 4.653092809848541258e-08 -5.151114171358219745e-08 1.099229720612726714e-07 4.513518650245676122e-08
-8.546958997896647788e-07 7.822704668402555447e-07 -3.434982319099414099e-07 3.970385214812616697e-07 5.464800922121823588e-07 1.540138519089915089e-07 -1.558145318162153032e-08 -2.575577272120765076e-07 9.112229692828608357e-09 -2.132366452766856166e-07 -1.342407791762997004e-07 -8.831902450676085267e-08 9.613926902201774253e-08 -3.136814414346691975e-08 -3.318760346272302707e-07 -1.269222116240085115e-07 -1.442256058105513511e-07 6.316897126363089390e-08 1.563077343138886061e-08 7.821472924997724903e-08 -1.589738352691636068e-07 -7.836804584891849072e-08 1.874670656097371878e-07 3.740843881188534209e-08
-7.532884368668713409e-08 -9.055173857580983143e-07 6.910693971528374536e-09 -1.851110446220323527e-07 -1.546360338690108811e-07 5.915451733605198139e-07 -7.007700532218327951e-08 2.334859940443853819e-07 -4.250486658732262623e-08 -9.401758238236531776e-08 -1.097420485560219864e-07 -1.388468675620373233e-07 -2.733812663704677961e-08 2.287130577264832178e-08 9.100627296983098808e-08 2.286977899241119427e-07 1.944757043559196235e-08 3.634422431683862598e-08 -2.320110135023992157e-07 -2.549398048862291675e-08 1.690922168352315009e-08 -1.101226124064278965e-07 -1.610932142909669883e-08 9.594631430140449008e-09
8.745510951832549505e-07 7.981392347020433525e-08 -2.884334033685526699e-07 -2.869419548566928763e-07 -7.311745653416400898e-08 4.929385310132594376e-07 3.690658163970664786e-08 1.736372552192258846e-08 5.346503582870657273e-08 -1.954386089826223168e-07 -1.385236600798472161e-07 -1.879930038513975415e-07 1.371304122305678442e-07 -1.339582846257804095e-08 3.893357965516420000e-08 1.567033686574928431e-07 -1.224626178211203729e-07 -4.636277143463819434e-08 -3.410663983283468620e-08 7.279102565794413063e-09 9.397803028423971877e-08 -2.158043933048795179e-07 -7.140471087721825344e-08 -4.574555207557637669e-08
-9.101521512633542442e-07 -2.284699260120013484e-07 -3.935257712743991449e-07 -3.014108685811711385e-07 2.393936042753756776e-07 -1.953619190885266128e-07 2.555174944309072228e-07 2.200380899643746052e-08 -9.480043778387757732e-09 -2.213545713362843800e-07 -1.108335588066258722e-07 2.815401671930662516e-09 -2.382549351135269664e-08 -3.111675661478698352e-08 -2.183297755702453189e-07 1.550157653697124754e-07 -1.188923072613222824e-07 9.612400799382094452e-08 1.322535009338224051e-07 -5.936221840622524474e-08 -2.366485120403048653e-08 -5.598958410894102356e-08 -2.425539494944525014e-08 3.456332166851223328e-08
6.623203872712679577e-07 -2.599403156474114367e-07 8.316191558314775413e-07 6.510502742325615094e-07 5.936909298339863629e-07 3.635793514955170324e-07 -1.914219108030722512e-08 -1.550563834081575381e-07 -1.367641395867968916e-07 -1.085581485121217638e-07 3.224521635255289827e-07 -7.642359788739096084e-08 -6.672697274251465698e-08 1.274811932231862271e-08 1.086372590255150892e-07 -4.308463651352404230e-08 -8.829516752366551455e-08 8.288510016766306096e-08 -8.812567830492312703e-08 -3.892616816218366281e-08 -3.809409728140840412e-08 -5.142812190587410052e-08 -1.111493389258722925e-07 -2.551227456699349039e-08
-2.185781162459397460e-08 5.723596010667197329e-07 7.748814405868016586e-07 1.211940381679599088e-07 1.964805693029520233e-07 2.869922332798369794e-07 1.607124003587517374e-07 2.042495449664574256e-07 5.194045560208432329e-08 1.240460053983408175e-07 4.173648468485600841e-08 -2.034373206005085011e-07 1.996233296294540217e-07 -1.932242887167028425e-07 3.925217183951812185e-08 2.322448497709711696e-07 -1.256855796024739546e-07 -2.738070241999313067e-08 1.665305717737601269e-07 1.608541693105578876e-09 -6.868882688540596635e-08 2.017390737933152601e-07 1.475957005574830364e-07 6.843971875712020188e-09
-1.857595357056087772e-06 -7.564762557618971650e-07 1.623181921096562696e-07 -5.911374782562332318e-07 3.235055603079570960e-07 8.457749055981212920e-08 -1.010693905834677950e-07 -1.168522221993738254e-07 -1.089280634124187121e-07 -1.066277227789877906e-08 2.902357336319131179e-07 -8.530500056069546638e-08 6.682709668515796064e-08 7.729564602176282321e-08 -4.875137141793961042e-09 -4.108274024914985893e-08 8.527500827769446128e-08 -1.633047235202406944e-07 3.430048686089697623e-08 -4.329011374126566910e-08 9.588583301665532018e-08 -3.793188829363886950e-08 9.618407397872021624e-08 8.012888671314893349e-08
-1.514701727738131928e-06 1.017711715499007411e-07 -6.011457209592778278e-07 -5.490758830675814089e-07 -2.385772576239469273e-07 -3.767433325116541038e-07 9.054707442221506097e-08 -9.596321971518948713e-08 -2.097857878703753934e-07 1.896576991265425765e-07 1.722214556341767707e-07 1.235281029892657061e-07 2.591554023469007977e-08 9.048228884597373421e-08 4.475518214759553525e-08 -6.285420712650799507e-08 1.136705572399031766e-07 -5.200558895885930101e-09 -1.040274364629236383e-08 2.293018511401865779e-09 -6.295444614366932031e-08 4.893879462620659361e-08 -1.788954375385210338e-07 -2.192493597127018453e-07
-7.858229876768980294e-07 -1.419806081101891371e-06 3.078807977995034477e-07 3.749604046507860016e-07 2.831321006049977453e-07 -4.488723294049560758e-07 3.537564403660850087e-07 -1.334113899341499261e-07 1.074225976499990042e-07 -2.186847257059084280e-07 1.749131630302841625e-07 -1.004065254323808632e-07 3.223012629356398920e-07 -3.548939037362720540e-08 7.586998194841122473e-08 7.715712970127460323e-08 -2.161711160568504504e-07 6.414202686512068195e-08 1.656449349266120607e-07 -1.022804489038209317e-07 -9.652548569669035449e-08 9.390319004109755373e-08 -8.273525618615979759e-08 -4.924229834950975665e-08
-4.616471900482434817e-07 -1.433488198699445538e-07 4.785072838862300376e-07 1.036782177288287881e-07 1.010775738318703426e-07 9.889341633245452684e-08 -8.709382049252455993e-08 6.781982539981003308e-09 3.616920880382273070e-08 2.835890364139624820e-07 -1.319708112525673184e-07 -8.375104628994435558e-08 5.879708058614938795e-09 -1.240652994379131607e-08 1.193928763251673352e-07 6.298174770288741793e-08 5.548208973216838293e-08 1.533811907349412357e-08 -8.181493197171620659e-08 1.909153706880455560e-07 6.267313658751741142e-09 -4.537687498545848228e-08 -8.874295186857276702e-08 -7.369381409123295088e-08
-1.352195878121053741e-06 5.658795320292227742e-07 1.452119207726785865e-07 -8.824980445490502699e-07 -2.495171275637452936e-08 -9.061294381010184474e-08 4.216371016359008676e-08 4.723978537931304592e-08 1.141069365903470738e-07 -3.917543338704580989e-08 5.364508269129942132e-09 -1.218993992251650908e-07 3.890076745934779163e-07 1.670781285897705885e-07 1.330750846524633970e-07 5.675046884247002601e-08 -1.907978915540533504e-08 4.514972356429198462e-08 1.269773141216762103e-08 1.410055128176903119e-07 1.147427006621761005e-07 1.988449829578718860e-08 3.611255606323393898e-08 1.617832662616536115e-07
-6.994779778188865530e-07 3.565506577328593124e-07 -8.792456305315063105e-07 1.581395977375995785e-07 -3.055935385750271048e-07 1.098429055888892531e-07 2.055699191412033878e-07 2.003801350667680454e-07 -1.040295093561987433e-08 -1.167306498323671794e-07 1.833207655864497978e-07 3.572429560642656245e-07 2.350980936472069150e-07 1.785355060135229201e-07 1.531630296545652033e-07 6.778351570006076087e-08 -1.289588872284936728e-07 9.907766215657190648e-09 -9.248314915616981323e-08 -2.218127006137049695e-08 5.370250018733749670e-08 -5.116329452223576219e-08 -2.530777872853233921e-08 6.038876276090200087e-08
9.858721263377082863e-07 1.197547296585132436e-07 -2.741335401741459080e-07 -1.293740601589158054e-07 3.074737872318929106e-07 3.628579454313232237e-07 6.204223544490218389e-09 -1.624040401788814362e-07 1.318667342606261220e-07 -4.174387851394756455e-08 6.831568952460111875e-08 -6.509682092157704730e-08 2.071613787864482070e-07 5.579805844487321301e-09 8.630257935437743255e-08 -8.956255314464339509e-08 -9.280295435390360602e-08 -1.751086170755659766e-07 5.729808282859945325e-08 1.038893892590058732e-07 5.094586115632368623e-08 -1.820206639082356380e-07 9.218552677267346356e-08 -2.989410031366168200e-08
1.028067965345689707e-06 6.357560925024341974e-07 -5.304053375775264612e-07 2.478577825791185420e-07 2.871595384678494933e-07 2.124203431944993771e-07 1.489760671089418323e-07 -7.426941350742717463e-08 -2.286794009949962103e-07 2.462287072912287705e-08 6.573018330314987150e-08 2.935405050323017062e-08 9.098318313267361960e-08 -6.273221496048915015e-08 -4.240422087351914909e-08 -1.746239601156912304e-07 9.001154298725158059e-08 2.236808761778949546e-08 -3.563363584154910320e-08 6.852453110743467379e-08 -2.514025438685533624e-08 2.368114796972464658e-08 -9.161080816857677897e-08 2.151707894467875496e-08
-2.334930737497914644e-06 -1.967210690159902786e-07 5.245446716455372167e-07 -9.168796353087245186e-08 -5.138557160192340349e-08 -3.275452271638505186e-07 -3.476757112240710847e-07 -3.086101791703540251e-09 -3.931998820057233975e-07 -8.619467475790597718e-08 -4.703342529442834294e-08 1.521059730200018959e-07 1.199329152897631772e-08 -6.898558291657600548e-08 -9.946048383775600122e-08 -1.840742048180509440e-08 -7.852186390299636044e-08 -6.163418142562795736e-08 -9.825353762625765316e-09 9.218223629295385591e-08 -2.757229603845055314e-08 2.054651216269012630e-08 6.065834067688787953e-08 -2.485053693334885339e-08
-1.629434311479618398e-07 -3.729617037697228301e-07 4.273612728016565370e-07 -1.909934121675646971e-07 -8.533394388876576429e-08 -1.376033653524996451e-08 6.766492429598407595e-08 -3.182826235729965080e-07 6.897461523236002387e-08 3.420886737917861946e-08 -5.595887789329945733e-08 2.329223271693656352e-08 -5.685442773657995140e-08 -9.313390566127006377e-08 2.771595691954848081e-08 1.734496066623557648e-07 3.705896115222050137e-08 -8.878943482099965552e-08 -5.722300559678665883e-08 5.890160673003087054e-08 5.993666448909587013e-08 1.391332762316149269e-08 -5.962860903064629579e-08 1.430261351625791322e-11
-1.085632623987194348e-06 9.199819932724463607e-08 -2.042095156821291199e-07 -8.493883911566777731e-08 2.668849403931433988e-07 -3.730548570405942774e-07 2.218074952206571033e-07 -9.624470694054303360e-08 -4.458436729766624260e-08 -3.124167903993073623e-07 6.149313439972938286e-08 2.182763985291928101e-07 -1.408406898443942746e-07 9.633276611371032640e-08 1.414028868292787354e-07 -1.342642236851319088e-09 1.151195779625270430e-07 -9.629104823816977019e-08 -4.085119536332322762e-08 -9.069479542574224129e-08 -8.364391061472150778e-09 9.391907258704391847e-08 1.095505048951621105e-08 -9.301700051838400991e-08
1.620853905271685172e-06 -3.770034846964710275e-07 -8.214865333096888801e-08 3.237610855207955081e-07 2.658737536585327459e-07 -5.982021228757142153e-08 -1.567736877015600952e-07 1.033670718942573845e-07 2.244004371546498938e-07 -1.170210695345073548e-07 -9.202345816895796305e-08 5.257905114351136642e-08 -2.781202184700613460e-08 -6.136012020517817227e-09 8.041802404632466225e-08 -1.101061384611599192e-07 7.072454577047117132e-08 2.181580803764585072e-09 -1.721644913499022894e-08 -4.968179922845266715e-08 -1.772720788924269972e-07 1.862517096025474971e-07 -1.983338142150871239e-07 2.930717152669058957e-08
-4.108731883576977748e-07 -3.045825600317210137e-08 -4.328705526354810439e-07 8.495931780587298766e-09 -4.351964000810805843e-07 -1.003433672305103503e-07 1.172543407350859774e-07 1.108377003597403719e-07 9.095179308744710868e-08 2.019186803060386687e-07 -3.079148061964717000e-07 8.326843013683609317e-10 -1.943502625490912925e-07 -1.825426081972074578e-07 -1.564640260334388679e-08 6.085530438173402142e-08 3.994527590571439192e-09 -2.272008800196578204e-07 2.784133654105512184e-08 -2.141212139131063285e-07 -5.850545004871336570e-08 -5.186118352597469636e-08 -7.388524100204576018e-08 -9.021874176936588464e-08
-1.582576662939760968e-06 6.657587799575913057e-07 4.263462330163798137e-07 -4.208838228783070331e-07 4.645966456452844400e-07 3.711068912866810049e-08 -1.230547389573005317e-07 6.576958602164197605e-08 3.497381706273511268e-07 -3.412283671225277077e-07 -1.903765091550574050e-07 -1.516163905022450207e-08 -1.315980788042012737e-07 -3.337106165559529994e-08 -1.685173791906951590e-08 -1.470808876826778297e-07 -8.415545164359218654e-08 -4.611859485264996074e-08 -1.585695877083184185e-07 2.364919487915707065e-07 -1.294228345901827133e-07 9.889645254218242732e-08 6.629635810964729187e-08 2.965508058867108561e-08
1.885503308183525065e-06 -4.880164882292724601e-07 -1.578147747031790536e-07 2.415476723005232280e-07 1.271634556346461273e-07 3.438162510711563497e-07 -3.245581500459043568e-08 9.493477800054577852e-08 3.333105945279698194e-07 7.193866361808866500e-08 6.199943821946074299e-08 -1.052740790591265151e-07 6.378800051178767147e-08 -9.003966425358791636e-08 -9.394999856222265522e-08 -9.691512964056605516e-08 8.373026558255669446e-08 -9.486334895997211068e-08 8.473174524402049961e-08 -8.000389702514835842e-08 1.283890334114048683e-07 -6.784192751701066621e-08 1.337371914933086332e-07 -4.329705100651471591e-08
-1.666985237776254881e-06 1.137729180225395151e-06 -1.456061673060004301e-07 1.038646588011000322e-07 3.349608352640373100e-07 -3.206050424481658981e-07 8.178305792395299534e-08 1.041942750661011722e-07 -3.672274122310463639e-07 1.435816022591485990e-07 9.719111119939148850e-09 -1.834422845085720351e-07 2.593747934392865281e-07 -7.919552063548059810e-09 -8.498651856369193339e-08 -4.210574166911540397e-08 -2.636288782351948430e-08 -9.477288639875101141e-08 -2.037093562284364038e-07 -7.656510581242854919e-08 2.335260592185924610e-08 -1.060955148213189161e-07 5.123432379558473955e-09 2.038040204874549239e-07
1.161636754430812758e-06 1.087311488701223542e-06 -4.405733957609242270e-07 -2.934745719149676413e-07 -5.423459784518250601e-07 -1.696859274985733086e-07 -1.556409767731989939e-07 2.544507971099501156e-08 2.390200127565391991e-07 -2.963273247627712093e-07 7.561385517459562719e-08 6.215093282781888659e-09 -5.743685326114785070e-08 -1.672438313112538049e-07 1.281284760436947211e-08 -5.629721299947671184e-09 3.090588789069852071e-08 -1.161262114705437576e-07 1.575039144603576798e-07 1.899934312836078606e-08 8.580436979129571143e-08 -2.373318169801446032e-08 -6.848529530607663154e-08 -5.706642800471917165e-08
7.001000255098531262e-07 1.058042303294720356e-06 2.521567992057789632e-07 1.820328009542719128e-07 -8.974242246150105803e-07 3.114256781367830845e-07 -6.472367424060934339e-08 3.128328392361486079e-07 -1.045590809802693397e-07 -2.717216362035140181e-07 1.388776140092305256e-07 5.743123466428365828e-08 -6.435245066015574473e-08 2.698159496961052542e-08 -1.261507102203311989e-07 7.917684557877867339e-08 3.518318676079694428e-08 -1.932406906143106650e-09 1.566593319780448928e-07 -1.493015056226682134e-07 5.478756460561287457e-08 -1.252061776857353977e-07 -7.345542989468596149e-08 -4.602271545860298016e-08
-1.082273844391057308e-06 2.014659512484494738e-07 2.905088464028232683e-07 6.876430137716916491e-07 -1.058144406458437411e-07 2.066654343610968595e-07 9.585442313522146309e-09 -1.146610780009381703e-07 5.899143093310449803e-08 -1.005220358737489451e-08 6.645554700038681033e-08 3.431684090646197738e-09 6.269604455369260285e-10 9.467923046779372880e-08 6.240585761152090941e-08 -1.028403463053825065e-07 -1.179178712947470105e-07 -2.754165415933929676e-08 -1.983133859194670796e-08 1.182482970699403739e-08 1.042718251702543861e-07 -8.935468423714317923e-08 5.281499041418403359e-08 9.164633878243304723e-08
-9.502881545660494028e-07 -1.333466383346220638e-06 5.501430863554342410e-07 6.173646270453696455e-07 -6.919584956485812310e-08 -5.848559124790507375e-08 -1.243459506748338998e-07 -2.849171055060158613e-07 1.673530094577434762e-08 -6.185506387489770796e-08 7.560992169513628051e-08 -5.853630911885551568e-08 -1.039946608595614082e-07 -9.096317100063055339e-09 -1.253031582232562966e-07 6.255600467648758395e-08 9.208427742104720535e-08 -6.566409211537682053e-08 2.535165114763483728e-08 5.577037890623088598e-08 2.190192875108384695e-07 -1.174786093206476545e-08 -3.312878698048465205e-08 1.040962033038486181e-08
8.136747857332772160e-07 -1.371295983874357850e-06 4.561444235837015847e-07 -1.839210258657255162e-07 -1.139585175146679686e-07 2.851643307787715457e-07 2.297265105073468469e-07 1.431272039733213811e-07 2.083471332791363052e-07 -1.432031860255350010e-07 2.376428316642402543e-08 6.185405095555082665e-08 -9.909273589841905222e-09 1.501290026214084249e-07 -8.343058687947345696e-08 9.797271971701705226e-09 7.474577857516590586e-08 7.492704073503554381e-08 3.841599624274152088e-08 -3.100022061069384439e-08 -9.052393712757194346e-08 -4.235014174950987404e-09 1.685912059323421152e-07 1.794743010550526247e-08
-9.558925586268505244e-08 3.973605120270935238e-07 -3.302742667025279837e-07 -3.013684452117081315e-07 -5.645134850184024853e-07 9.436704989930501104e-08 -5.471267659184827381e-07 1.846888807230855921e-07 1.045029692473212720e-07 6.262526056033751711e-08 -5.255562808473692933e-08 -1.959879995364677521e-07 1.551946128107864782e-07 -6.422805629837086535e-08 -1.026256120560327554e-07 -1.700800840355193591e-07 -1.422975065269300142e-07 -1.703207627368450952e-07 9.527916105514613703e-08 -6.203846083251820434e-09 -3.056638012103112094e-08 1.995019389294794588e-09 8.391674416959098529e-08 1.005858951451549123e-07
8.426767030257602609e-07 6.278969116760279759e-07 -7.154975826910786023e-07 1.146830573210349218e-06 7.096940488121356836e-07 1.212096076444654036e-07 -4.414267972472226899e-07 -1.607656612002373442e-08 -1.829625345526034996e-07 2.104781387827048562e-07 -1.106853004100722785e-07 2.082939262914921168e-07 2.005999766264525201e-07 -6.794105705177137604e-08 1.039938254739050725e-07 1.018646710505415596e-07 1.471212775316635856e-07 -2.407392267132732846e-07 3.339409257582753342e-08 1.259158760976027297e-09 -4.732979209551015880e-08 6.103481137063307625e-08 5.342370437448524430e-08 -1.532840258067795289e-07
1.596439723160265060e-06 7.085746840707980269e-07 -2.082851527945333265e-07 1.752899299678632598e-08 -7.121484213803230581e-08 -2.383320225087980206e-07 2.354472119376373038e-08 9.432660321026021673e-08 6.171541256735495605e-08 -3.465750960681670632e-07 4.584599467183432380e-08 -1.663472322655066017e-07 4.645411688350808932e-08 8.015131014524799258e-08 6.980379204319999795e-08 3.564946692680201047e-08 6.643846883146378623e-08 -2.227023612557363369e-07 -3.899604881973732641e-08 -8.260375177959858943e-08 9.035640331061334575e-08 -1.742932582981428594e-07 -2.667354580825430824e-08 1.107438262666394864e-08
-1.086721146975278137e-06 -5.744106489848247082e-07 3.837270383239081100e-07 2.033600556189466451e-07 3.918661098267905355e-08 -3.617762367946586292e-07 1.958031911270568424e-08 7.928613168361702292e-08 2.373232361908449365e-07 -2.005221236323122359e-07 -9.246336440738714891e-08 -2.127431006311919984e-08 1.962677641934714425e-07 -6.957568722765814697e-08 -9.597737994407205739e-08 3.272629707356057306e-08 1.032012528139010679e-07 2.608375337669585779e-07 -1.808371305054270892e-07 2.734918337290945558e-08 -8.507262427327017255e-09 -1.276374721830561390e-09 9.158978754377950503e-08 -5.375637485581691236e-08
