# Each row is C_{\ell}^{kg} between 2MPZ map and 100 Planck simulations 2015
2.207237675296666031e-07 -2.991665604053094956e-09 -1.967616026541633706e-07 -1.352172308893657742e-07 -3.410832704368001185e-08 -1.148379927507595892e-07 -1.143557959120686193e-07 -5.331701578113980755e-08 5.292687963405285139e-08 6.484884047706080359e-08 -6.397358136626214489e-08 2.502247986708797875e-08
1.787974232831463146e-07 -2.939824036018235507e-07 5.016900779492172972e-08 -1.699529076209711232e-07 -6.264965964108103096e-08 -7.970426087291550841e-08 -2.505933051925742382e-08 -1.040438804664700602e-07 -2.388905054764352963e-09 -2.237748472918152559e-08 8.759447944255903214e-08 2.151440477620294678e-09
1.025130614798652171e-07 -8.967048129812125891e-08 -1.481886171148543768e-07 2.356914407518443878e-07 -2.251595479701199870e-08 -1.745000624794123572e-07 -5.114900747638479193e-08 -2.044742326834381979e-08 -3.371744261045065502e-08 6.322296268483721963e-08 -6.384494016008330543e-08 1.452040260944811745e-07
-8.529766020115044685e-07 -4.391941210172189861e-07 -2.506884508261056937e-07 1.390173123904772920e-07 1.005881933260318281e-08 2.925047453417765493e-08 4.781211889505180369e-08 5.474578602430329823e-08 -1.178470315925868999e-07 5.521276127558169895e-08 -1.229219189738874808e-08 5.453462550554153078e-08
7.948337653135531509e-07 4.344695928706247746e-07 -2.591718470585344108e-07 -1.989275189472820674e-07 7.240223822204635707e-08 5.409528402844833627e-08 -8.242107886449823628e-08 6.090765762147944717e-08 7.327671244497822633e-08 3.568773083847245010e-08 8.679338929156330871e-08 8.833465428346693979e-08
-3.161515881247900011e-07 2.596127865294860406e-07 -1.656917488107988478e-07 1.451098043185065276e-07 -2.200046701520333459e-07 -4.685986619871345399e-08 -5.881063092398678802e-08 7.903462081716977230e-08 -4.871195929971007151e-08 -1.236745015181235857e-07 2.034158708056655966e-08 9.303502907439681116e-09
1.225247935556793154e-06 -2.273046103811677091e-07 -2.049556188526754735e-07 2.883252661421458479e-08 -6.747898627973910974e-08 -1.147522723237463303e-07 -7.868741658353176597e-08 4.424869327772022559e-08 -3.318943261497524061e-08 -2.076659763048220185e-08 8.032326605654043797e-08 -1.330658437006914237e-08
2.579452823603332571e-07 4.239225066416660753e-08 -1.556682296087588518e-08 -7.054976504283408653e-08 5.837178498764067340e-08 1.436628356461921092e-08 -5.176871137720641208e-08 5.367878926888264436e-08 -4.161418828922329584e-08 9.619297719753925597e-08 6.979450542418082042e-09 -2.665197931763560089e-08
-4.265874028254786679e-07 -1.699129289446490453e-07 6.946572533633877875e-09 7.263190746469806900e-08 5.172011136599325011e-08 1.223086431089723658e-07 5.519491379979665376e-08 2.668340432552696207e-08 9.608347327737574452e-08 -4.469698195025327263e-08 -2.691601107251619905e-08 2.980444419644500211e-08
-1.056435710402633410e-06 9.626805478608247223e-07 6.083959345370906905e-08 7.919363932970703376e-08 -8.884755068203483149e-08 1.987597440490725747e-07 -2.723800042922522964e-08 -2.619734550633763837e-08 6.992851015158483063e-08 7.977416757459379335e-08 1.226853331998405958e-07 5.580358655767134017e-08
5.736169756679744795e-07 4.682665651727745154e-08 9.912281326627979238e-08 2.557103570407012858e-07 -1.038609056383256095e-07 -4.346045347117002665e-08 -6.623435779832448374e-08 6.241690746460855898e-08 5.416986326920228481e-08 -1.431839526721047930e-07 -1.120285275438184504e-08 1.071059443697335625e-07
3.794079159668068879e-07 7.762878314356945758e-07 1.065232969814891793e-07 3.807161661519975999e-08 1.473990079370594544e-07 -1.867825443620133974e-08 -1.493852747515046230e-07 -7.121850256016762807e-08 -7.270275424212236314e-08 4.261952331348002218e-08 1.013411752861391846e-07 -2.617374459706629275e-08
3.882851401200903103e-07 -1.214831721572275711e-07 -1.747864610311171505e-07 -3.195539642443359634e-08 1.512221500767469991e-07 1.755590835596499154e-07 -5.742099817365293220e-08 8.051627494160948876e-09 -9.646829352094276379e-08 -2.940775067744897131e-08 7.104054037458455116e-08 6.206620313809560948e-08
-2.706932301920689174e-08 -1.829934198681863385e-07 2.755314883809385733e-08 -6.485175084241437803e-08 -1.884250018422686501e-07 9.133345709058779614e-08 -4.131535886639278326e-08 -3.596687180768022894e-08 6.827796785192752424e-08 -1.216234071883481228e-07 7.084619795174217867e-08 7.797324755324970953e-08
-3.207758528632065441e-07 1.516908138421872188e-07 -1.447758612382570513e-07 1.435979604516108627e-07 7.754564501917515271e-08 -3.003049034252991209e-09 1.895848973573964037e-07 -1.230439909177223333e-08 5.913119936519651727e-08 1.070126685521653267e-07 9.428105921752809416e-09 -4.127059957226623964e-08
-1.617259747236588001e-07 2.147902205912551331e-07 2.298400909734822948e-07 8.462736592861325259e-08 -2.264997808369722796e-07 -1.666032910036557642e-07 -1.207499092968916457e-07 -3.192337563536809365e-08 -8.259489470169772926e-08 -1.033735158239645714e-07 9.036292235270362739e-08 7.895620553293874234e-08
-6.160729778382770184e-08 2.044898703199340106e-07 1.248958831679862025e-07 9.087693665148716575e-08 3.334737816410362932e-08 -1.945860045675488420e-08 -5.807990039982970928e-08 8.090491107052776518e-08 5.418879123840302724e-08 -6.612227830846900678e-09 -2.054761003621471617e-08 3.908336271131470891e-09
-6.231968256907381555e-07 1.330573800879237143e-07 -2.654897697665230872e-07 -2.429640435032352456e-07 1.471973354594447149e-07 -1.080523920426508349e-07 3.925696510721914852e-08 1.595189621673686100e-08 5.262690802034632942e-08 -1.305523888729115719e-07 1.340367666120745269e-07 3.946916063586288116e-08
-4.500944540879097770e-07 -6.564551058642612480e-07 -1.410685964808907741e-07 -9.378315210042402331e-08 -1.707210894496590495e-07 1.430927306444980220e-07 -1.783030321400041788e-08 -1.406641711869001092e-08 -2.878200330811055418e-08 -5.153280133484516211e-08 -1.437287955610791774e-07 -1.283272928604456763e-08
-6.305366526207707651e-07 5.606697878025165736e-07 -3.686083505868968075e-07 -1.949584684431843352e-07 1.415347858736878738e-07 4.869745892743723510e-09 1.082442138666638140e-08 -9.871779982904471673e-08 2.371328708153001233e-08 -4.154814590786784526e-08 -7.674590892589392645e-08 8.116278297968799497e-08
1.684749717290692417e-07 1.938581221349033446e-07 5.210513066575655172e-08 -2.835745619799723386e-08 4.030988464690811014e-08 1.952030299165727412e-08 -4.878191601580313276e-08 3.317783588256889078e-09 -1.918126743829816660e-07 -4.962153631017737292e-10 -1.901595248102650194e-09 -6.329154391552988298e-09
-6.777840231039458255e-07 4.165429400062390003e-07 1.493603345689225989e-07 -9.289750691834014837e-08 1.768637280953313685e-07 -1.353843135672194053e-08 3.734519536304493915e-08 -6.629345173768895283e-08 2.945757734528655438e-08 -5.990454894774399431e-08 1.222456962571387092e-08 9.136787812219176078e-09
1.172901662864068177e-06 8.586624149745753131e-07 1.071431633572906510e-07 7.137262908617292910e-09 -6.788820512659914041e-08 1.859178739988559137e-08 -5.105012631397469640e-08 -9.469813543732042931e-08 8.543327058645569667e-08 2.290084401771746190e-08 -1.442454891188504810e-07 -5.499123525090829619e-09
7.208418412952020954e-07 1.286242999439780917e-07 1.005483769269737286e-07 1.562758725777682157e-07 9.672206563929181218e-08 1.452196195049925136e-07 7.128454464307095352e-08 1.149975291277896875e-08 1.651937010657179552e-08 2.638459674326545679e-08 -2.313457504785334329e-08 -9.672984537687591150e-09
8.482053920881455936e-07 -1.309842278031262331e-07 -1.684976865943231592e-07 -6.530518224791923791e-08 -1.326998497966929043e-07 6.136010935479830515e-08 8.030227446633635948e-08 -7.712279595827525921e-08 2.550680133108891088e-08 -5.552997128059646113e-08 -2.462735729602377175e-08 7.058203019534433240e-08
-2.923681261682190972e-07 -3.546877820098119331e-07 3.050913723342072667e-08 -4.590982311723246876e-08 -1.263728036388297502e-07 4.769797738094704347e-08 8.514490219971696297e-08 3.289623481712588880e-08 1.795398998649839073e-08 -5.353257298011633818e-08 6.514525866563603886e-08 -8.930956530687234134e-08
1.357577899976751503e-06 -8.399248577592101190e-08 -2.377008401804891362e-07 -9.199367209714411537e-08 -1.144041407937805300e-07 -9.120806175468997265e-08 3.998395738285365653e-08 -9.591287959836723941e-08 -4.632695046035081220e-08 5.100635695983029453e-08 -1.433742628251665747e-08 -2.361629733209444397e-08
9.983995287440651093e-07 1.357457012913039519e-07 -3.048862969973155805e-07 3.309087891023716518e-08 -4.891046047316899437e-09 -8.197006930635672688e-08 -9.774495974030740762e-08 -1.351596245608740229e-07 8.722289530319107515e-09 -1.014716033850703491e-07 9.648448625501413982e-08 -3.796382738990452160e-08
-4.359743563660994233e-07 -1.006585380111125891e-07 7.884874079626366183e-08 3.052729697650585313e-07 -1.468091055591839259e-07 -3.231832115526164053e-08 4.986327780027160022e-08 6.010691264154638912e-08 -4.235460197021553888e-08 -3.549461438347004934e-09 6.699248608199943124e-08 -3.858535710216060644e-08
-4.845317314362919581e-08 -1.708303765176034003e-07 6.070997417624618593e-08 1.531059598358464526e-07 -2.489656602901549658e-07 1.116086756658382559e-07 3.329464093399763375e-08 3.498726002796621076e-09 8.045453815422288174e-08 -9.525960931701247498e-08 -3.925580057872757839e-08 -6.102907353432264722e-08
5.561666634501989130e-07 4.153585342800184888e-09 3.738427608189623523e-07 1.600054592773927352e-07 -9.942139966797840652e-08 -1.799664110218004512e-07 2.274927504881018928e-07 -2.565156609811634365e-08 -6.171006013752264866e-08 2.903442063603885526e-08 7.994346116856476571e-09 -2.315852277322761709e-08
-1.730206459302566732e-06 -2.597238307091660818e-08 2.351194867323341697e-07 -3.692829048106761569e-08 -8.270539631961109312e-08 4.397238603145022967e-08 9.226220771189566216e-08 -7.355763763763454033e-08 6.570202118388752928e-08 -4.883438401832872332e-08 1.565583669727773397e-07 1.462938055369945400e-08
2.464590635314630808e-07 8.428739540782020780e-08 -1.167041970015873900e-07 -8.100873785123443568e-08 -5.406422430268102202e-08 8.359057473468650771e-08 3.510896344203565626e-08 -3.167300147375028413e-08 -5.462859986338309874e-08 -1.134462748024683967e-07 2.444513620369044009e-09 -4.280301653991309559e-08
6.781345560472811752e-07 5.873362606655380357e-07 -2.090578226680579373e-07 1.029815938696970686e-07 9.093710213036741171e-08 -1.126120661294632824e-08 -1.158310027109405018e-07 6.727432416378093556e-08 3.695336589848486660e-09 -1.324537077297766662e-07 -1.733328225161980020e-08 5.562624071480290022e-08
8.747310521246270838e-07 -1.295458124668680471e-08 -2.362488914394083090e-07 -9.442087692400920618e-08 7.015857997288235755e-08 -1.764854112375700741e-07 -6.238707408538742454e-08 -8.835431617349747377e-09 -1.686571995610218576e-09 2.981572555765275223e-08 2.475048909462878740e-08 3.400972623114925965e-08
-6.996588264132216180e-07 -4.711799942629666122e-07 4.209722468717547800e-08 5.887599416379727952e-09 -4.606761775560087477e-10 1.667466325380094598e-07 9.348430814950904182e-08 1.074424057005794587e-07 -4.390019168424754225e-08 6.246319997469269945e-08 8.350580097084086386e-08 -5.716077303985359026e-08
2.877702838564326402e-08 -3.016911188581416017e-07 2.530763872237131441e-08 -3.250768780650015605e-08 -1.129567338884053926e-07 -3.928027950970726867e-08 1.974085065308506349e-07 2.361217069560504027e-08 2.757883743591558276e-08 3.021907952939989620e-08 -8.428393707137418439e-08 -5.909777107123238117e-08
1.862722406281394231e-06 3.880917610785012254e-07 -1.193271408541563342e-07 3.809260824283058482e-08 -6.799696901852939006e-09 -9.727076220394222195e-08 1.932579183803015503e-08 -1.419168419185232345e-07 6.151934823670694535e-08 -3.131776295060902922e-08 1.527645323656293104e-08 8.051665388950404696e-09
-5.402066085468999203e-07 4.472390120956381618e-07 8.896133888697301923e-08 2.940263169237262981e-07 2.548095457039430384e-09 -1.139274314049352906e-08 -4.520376457035944526e-08 -1.661001332070196999e-09 -2.759993346426549243e-08 1.551913721305137243e-07 -6.267012390340194518e-08 -6.726093367053522731e-08
-8.550031989032282100e-07 1.902427056180317734e-08 2.973491407870889049e-07 -1.142278037424466482e-07 -9.196838962564293168e-09 -1.704660028726880399e-08 -1.167047253641189964e-07 1.879178192111539193e-08 -8.450869749251012481e-09 -7.691088869661337918e-08 -9.973365430029898829e-08 3.930208503940116768e-08
3.435306864676737901e-07 3.219130174416028911e-07 -2.725695297885052969e-07 2.100867164502494117e-07 1.439340578594094935e-07 -3.290166076933624444e-09 -1.165835416390580455e-07 -1.480458529522578999e-09 -9.216399998254217842e-08 2.076772408217917537e-08 2.797293880230039467e-08 7.509898917140707561e-09
-9.603039108456005470e-07 2.039254218207448693e-07 8.215612592228485123e-08 2.145038904182624582e-07 7.900541147270644002e-09 -2.068325505150048385e-07 7.667365339074326089e-08 -3.884095727880874921e-08 4.746546409490194615e-08 -1.034384323499121113e-07 1.004814847940730795e-07 -1.703988979463877477e-08
-1.264452063576996292e-06 4.165858234800535293e-07 -1.121539765560001610e-07 1.113423201881742073e-07 -5.053578589505469700e-08 6.387223066540432584e-08 2.636327184774462988e-08 -6.198405524825850980e-08 5.597669830575290254e-08 2.595352914470809131e-09 9.769083285141840786e-09 -7.593473236068092787e-08
-1.604948254877637731e-07 5.092247147956608261e-07 -2.912616347022945250e-07 -1.418944338184919031e-07 -3.884724070714662808e-08 -1.033761558668089780e-08 -1.399126330208836857e-07 -9.739576308253166898e-08 9.617407613574820918e-08 8.038124746924266675e-08 6.828981359246605704e-08 3.036027454997747675e-08
5.371273813969119315e-07 -5.519938995281145245e-07 1.471245561930282138e-07 -1.948138999547807172e-07 6.323798846841714391e-08 1.198160929646169577e-07 -4.031109846238728633e-08 4.022723891743345862e-08 -7.287415035906231820e-08 1.321345923919915888e-07 6.016365719801011962e-08 6.410576122674120246e-08
-4.108071105635575516e-07 -1.094508295009467798e-07 3.510108230394783781e-08 1.818125272300138280e-07 -8.684536461938345054e-08 9.738103047418708956e-08 4.180024457320705645e-08 2.299493909992816156e-08 2.851191529350595583e-08 1.023550998451155542e-09 1.390584902678645123e-08 1.489190370284011902e-08
8.648032177355767368e-07 7.063047165428745062e-07 9.362774671112468590e-08 -4.341185658804669339e-08 -6.440891220784051387e-08 1.891509542470725783e-08 -1.536003045607724684e-08 -9.311686781608664475e-08 4.875167719598582655e-08 -2.020643601034613929e-08 -4.541857251707001243e-08 -3.695300706264252577e-08
8.558800050323822051e-07 2.641683929723039910e-07 7.021667587724576379e-08 2.018037541539868635e-07 -2.175263165726990066e-08 8.280804533896833205e-08 1.472335965104740443e-08 -2.151430687275184692e-08 6.207350938833460397e-09 7.212900372515658710e-08 -9.909783836149731648e-08 -3.229898243707188380e-08
-1.948079784123557816e-08 4.309376464988061124e-07 2.881972282288305065e-07 2.110401568307519674e-07 -4.492858686759964693e-08 -1.134600115485686610e-08 6.039605319964340315e-08 -4.956958453234943373e-08 -7.944939077956695581e-08 -3.019972649472615576e-09 1.233646709003452677e-07 1.191328756761439131e-08
-4.831706103271605009e-08 -3.403714230810685673e-07 -1.515636949418397518e-07 -9.309308084812692428e-09 -5.568671883990632014e-08 1.823914154469229306e-08 9.497581559460675961e-08 -8.362331830934779703e-08 4.540361216010726902e-08 1.778142720501229040e-08 -7.466125579942675206e-08 -2.318688820295189513e-08
-4.351170706817815907e-07 5.674016625990420876e-08 2.328869693486897480e-07 -8.491978715553629623e-08 6.286117200426888536e-08 -5.026817786552893476e-08 -1.500611336879123178e-07 1.392615697181041315e-08 -1.314510100442087540e-07 3.232605669229233531e-08 1.165342545259940646e-07 1.182154006872433037e-07
1.396941383763565687e-07 4.339476646410309358e-08 -1.600581824103582814e-07 1.246460288498169416e-08 -1.476826943471078960e-07 -8.301474950751008240e-08 3.084295781048852121e-08 3.417174228650881534e-08 -2.679181925124191118e-08 1.252822692062234253e-07 -6.266764389090395277e-09 -5.373578329776467439e-09
-3.909900090660507975e-07 1.681988688988144342e-07 -2.745973590979409563e-08 -3.067449178110270605e-07 8.271667321234221685e-08 -5.760757382041278121e-08 -7.363084144497361644e-08 1.515369916648826109e-08 -3.985637694257640794e-08 -1.154799905091126362e-07 -5.005268983000685219e-08 6.089662925692625233e-08
7.617706641373915477e-07 -8.343824942628014268e-08 8.110511826676327449e-08 -8.759998259105682893e-08 -5.787734195463676095e-09 -1.481331255964891484e-07 -1.872983783640806039e-07 9.659442828410581432e-09 3.594085133816164216e-09 -4.235771577419078690e-08 -2.894614629643404943e-08 -4.308908072598441036e-08
-1.018739617994430963e-07 5.276379609225859470e-07 1.877194291772583030e-07 -2.619767494147363286e-08 1.065267713682485943e-07 1.991770741119379065e-07 1.007993541877694119e-08 9.545088068606391802e-08 7.236164559944547390e-08 8.860095060929561870e-08 5.638370457843761230e-09 -1.465773423948194699e-08
-3.236472618219238004e-07 -7.587421760956506484e-08 -2.058101569364587928e-07 -2.348455895100095708e-08 -3.356309667984700523e-08 -1.642844074675355430e-07 -1.032002039476495620e-07 -1.748747675575365852e-08 9.666060926156078854e-08 -1.157358431056607405e-07 -8.069581050464934821e-08 -1.698342159914912538e-09
2.161252931542859285e-07 -3.074256458100751912e-08 3.029405549859293928e-07 1.771869342978634066e-07 3.398057284238431883e-08 1.067756689934305512e-07 -1.076211361921178043e-07 -1.275588241343775496e-07 1.154763057062329790e-07 -5.073623062431007311e-08 -2.402073520284866986e-08 1.313751133281189543e-08
4.085566375050788415e-07 6.479363525367615417e-08 -9.794698923650256728e-08 2.896063787481900793e-07 -7.763557856836273295e-08 1.408261124258507136e-07 -1.432931077765342320e-08 -6.978006319285032769e-08 -8.954663084593203827e-08 -4.163363022115464160e-09 1.158042977404993946e-08 6.298329914747946236e-08
-6.053641347061773535e-08 3.874766876003707315e-07 -6.217234929218202119e-08 -1.400829072327527206e-07 1.255506342508433342e-07 -7.042592204765893386e-09 -2.863623390993427297e-08 -6.378220146773885566e-08 1.691629241841545048e-08 3.602234121062385727e-08 1.427512423983312558e-07 -8.374361316355848642e-08
-6.482672625468663230e-07 -3.050007913395230955e-09 -6.901546787664168494e-08 2.217036974682853650e-07 -1.716843502087266692e-08 -8.331043758366146575e-08 -1.572354906036432664e-07 1.339330158490905396e-08 -4.025804201867614580e-08 4.225968963062134240e-08 8.669932898201817872e-09 -3.616051213861420083e-08
1.796946806609458365e-08 5.904415104309710088e-07 -4.670500394592154969e-07 1.197351488521089120e-07 -2.745719921189526246e-07 1.943562326588735161e-07 1.049931829379121620e-07 5.632868947372151713e-08 7.216025623970282767e-08 -3.874405165291601693e-08 -4.817731365323320758e-09 6.856339084358391031e-08
1.247347015533481977e-06 1.796868592551431760e-08 5.501163644386056353e-08 -1.655383327292972433e-07 -2.994025117692626939e-08 1.694464488819517792e-07 -1.211030510307634911e-07 -6.379683787059952451e-08 6.877453226245366342e-08 -1.176705267640041802e-07 2.465406789444834464e-08 2.598116335882975712e-08
7.463340037640992654e-07 -2.589528711289478073e-07 7.030564416454338953e-08 1.508559155536348365e-07 1.708730400730468346e-07 1.202904897738140702e-07 -1.538156254164655549e-07 8.026598688267305070e-08 -4.559797073912697771e-08 -8.128108725473070273e-08 2.316636080095293488e-08 -3.423543942353537916e-08
4.364348439819636973e-07 3.001670034291798961e-07 1.901962329095017983e-07 -1.850002932692316785e-07 -3.132713558908718162e-08 -1.484255255452152286e-08 -2.217764181794354937e-08 -5.172541218116201768e-08 -5.684259334323181972e-08 -2.357163426927120487e-08 3.421300390471664635e-08 -5.118812909990924965e-09
-4.373958413004087979e-07 -2.239596508207476382e-07 -1.318861423367505804e-07 9.024810802562483434e-08 2.907753069202901796e-08 4.158871949585886680e-08 4.562134926137351340e-08 -1.283887914753328757e-07 -2.793330030744072783e-09 2.199324067443593628e-08 1.660814528820975728e-09 7.120567786996906630e-08
-5.992709723159616834e-07 2.761912664274858025e-07 -1.090491893164750771e-07 -2.067692149202281336e-07 -1.257859053966189573e-08 1.405756397876764137e-07 -3.702895211401202915e-08 4.222429266757995334e-08 -8.819315115209655084e-08 1.709315919412295857e-07 5.114633985313091518e-08 6.607807803313761920e-08
-6.743818585256954322e-07 6.996262439202603771e-07 -8.359335918491997616e-08 -1.702057319470774505e-07 3.609105988659040266e-08 -4.909278191903586432e-08 6.595142613041131301e-08 -1.173755043880585552e-07 -1.133803143459517022e-08 2.875209835469292990e-10 -8.004781790832971840e-08 5.773113418219578173e-09
7.461362666190813369e-07 4.732170750197072032e-07 -1.330316979798682894e-07 1.192055931967920991e-07 9.968608997435977566e-09 1.032722814849145172e-07 2.842571280735298995e-09 -3.107724397721935260e-08 7.716676704038137650e-08 -6.025399161957353717e-08 3.290242188194122405e-08 1.026250883162122577e-07
6.701433419598192359e-07 -9.194043130058422136e-07 -6.106772634841368853e-08 8.644147286399360859e-08 -4.167890687757334419e-08 4.891354284937924510e-08 7.934288903702138038e-08 -3.339317742331941950e-08 -5.611620217731046157e-08 -1.515429703812035047e-08 -6.457313423288824250e-10 7.658334088669897817e-08
-4.059972356696098109e-08 4.858685130869101877e-08 3.607159508774785302e-07 -1.378376530134886077e-07 -1.048352346249313005e-07 -1.122440365360906536e-07 3.074014389622474158e-08 -2.330337052114313708e-07 -3.921447284335184252e-08 4.828209622489692152e-08 -1.164687001505808777e-07 1.135131694708373553e-07
-4.904644689230480867e-07 -1.059339145073519499e-07 2.134044168553685951e-07 8.978421613085192065e-08 -6.480569362858274268e-08 -1.253044373874916514e-07 -3.988847113466704106e-09 1.600841323301331774e-07 2.719487051687782605e-08 -1.274480821286947421e-07 -4.451490607516111294e-08 -4.555870311520743681e-09
4.751821778404278437e-07 -3.018293278783142883e-07 2.103080720364121227e-07 3.549949688073332937e-08 -7.059150866430948092e-08 -1.642426117737145848e-07 6.015442998472374287e-08 9.534442301050160297e-08 -8.368192678081125373e-08 -9.445059550874445211e-09 -6.035245740553581718e-08 -6.185508685857010637e-08
-5.686057728052470349e-07 -3.356635141507927934e-07 2.543547969363220301e-08 1.365739432267688726e-07 -1.190927080129744331e-07 -5.632350680129684409e-08 -3.031949933280488829e-08 -3.424942187289617486e-08 -5.669048904190999953e-09 3.932377606380428870e-08 -4.231722158280828728e-08 4.764177413057332154e-09
2.011920617061894756e-07 7.343450326138834087e-07 4.778800386534028241e-07 -8.994801006715305235e-08 -1.200534854752433551e-07 1.224470725068026104e-07 -2.973492280689885815e-08 3.174830901289601379e-08 -5.065717473308637517e-09 -6.175421826821661734e-08 -4.514633971533335784e-08 -6.857209492545979108e-08
2.840429772900269866e-07 4.522944044687429208e-07 2.348400706012214644e-07 1.826833515314833411e-07 9.106895150436816462e-08 -7.590658138222329465e-08 -1.165677534065736650e-09 1.304335262329894779e-07 -7.302545164771122067e-08 8.244684510780195326e-08 6.592120525171553476e-08 8.018853607237720700e-08
-1.295829993283799876e-06 -2.014997699970041079e-07 1.967253195761510717e-07 -1.123344605466358687e-07 -5.598797362689569456e-08 1.035302306087874096e-07 6.861203363658805470e-08 -2.026711417690381575e-08 -3.836404636132221926e-08 -5.647449251797872246e-09 2.843644199327777706e-08 8.669289063730519943e-08
-7.032525968399474052e-07 -5.571767688893846400e-07 -3.048192743766685232e-07 -8.088508909923988019e-09 -1.133441392278617595e-08 1.514691121239344468e-07 5.894918981249404527e-08 -6.972068284236948226e-09 5.315013668563485561e-08 -6.441883119826376787e-09 -6.588026577106070279e-09 -1.978481069713515228e-07
-1.104678841703553818e-06 3.432455023980799637e-07 -7.740684515098472775e-08 1.059865783192239662e-07 -5.790949811385433647e-08 3.745487191439251657e-08 1.404333773064164868e-07 6.964016974440638028e-08 -7.370951474304411542e-08 3.278252713521691309e-08 -4.761416262789816926e-09 -6.410596316718761779e-08
-2.975600882908255602e-07 2.938312696964000776e-07 9.514854922255404797e-08 -4.284225954629716232e-08 1.602962840064968678e-07 -1.051078525225461227e-07 -2.118825650608806246e-09 9.145171208489885820e-08 3.202818903422814945e-08 5.436964778920024393e-08 -1.677673780365356188e-08 -8.172148791779325984e-08
-3.769947795910539932e-07 -3.496775473512985379e-07 -6.778260115918269075e-08 4.582262127708713623e-08 3.898122135218569609e-08 -5.743442084045280310e-08 2.776211002740669204e-07 9.193508683395247219e-08 1.078165624932172908e-08 7.831210704580569991e-08 6.748179860686742585e-08 9.782345073506336389e-08
-1.808810084021449782e-07 -3.531330388507562876e-07 -8.664119188173818276e-08 2.088135271241337482e-07 -6.505139031784746228e-08 2.699686010263615005e-07 2.096760907400401260e-07 1.086299177275968455e-07 -6.117212678788713189e-08 -5.481430255824061150e-08 1.315700495114785112e-09 1.640132573088728673e-08
5.492348653610930250e-07 -2.108303061943311039e-07 3.383401362366684844e-07 -7.574741700742521043e-08 4.476737614066268573e-08 1.963241972144673177e-09 1.068888002579508486e-07 -2.804675127811968206e-09 -1.362534537633890506e-07 8.202723084795801090e-08 -6.357919257707289097e-08 2.877351578783263437e-08
8.222141266978283453e-07 -1.434711153387768045e-07 2.599629616535022778e-07 3.399420594436303726e-08 -1.038702553962517155e-07 5.183085028233352610e-08 1.526549449427248746e-08 -1.093266931108225565e-07 5.374321905511499844e-08 1.505448758035441439e-08 -9.180890393572287014e-10 -3.465397819628335523e-08
-1.253878577872722691e-06 2.402051983090981012e-07 -1.991230726262236064e-07 -1.812327451039258542e-07 -2.381719895500257511e-07 5.663189775688122963e-08 -2.707930481347065781e-08 -5.988294688110439453e-08 -7.023057476710984844e-08 4.084137298070935867e-08 -1.534199897754621645e-09 1.856380187592884371e-08
-2.614092798022711616e-07 1.146288029139122303e-07 -5.177087920915552159e-08 -1.244838452436242367e-07 4.663379060013143103e-08 -1.652118795589646339e-08 -7.578238755620183977e-08 1.013325366073050828e-07 -2.548085178854822447e-08 -1.444899272626080792e-10 3.755528661762606394e-08 -3.035324317396118016e-08
-4.951497571232043324e-07 -1.254381136813697150e-07 -4.843507678050552474e-08 5.919376833018995934e-08 -1.834216416852202540e-07 1.345334448876846792e-07 -1.929715526933754186e-08 7.483079016716695104e-08 8.676639863004188185e-09 -6.897862379499039005e-08 4.316492559641929974e-08 -3.988727604856434987e-08
6.127367838254354035e-07 1.045414440631720535e-07 1.036781112424406315e-07 -2.668621201767036422e-08 5.464523583083801753e-08 -2.363272843309587023e-08 -1.365223136570632404e-08 -1.388433449899548629e-08 3.470032813548508220e-08 -3.806051813383338052e-08 1.236244377080301144e-09 -8.097872416726561251e-08
-2.249068395546851786e-07 -2.114872696586372187e-07 -2.629177125469741062e-07 1.164571308664954518e-07 1.433035987428324313e-07 -1.524520733867010544e-07 -1.858537215747936578e-07 2.529174343846450400e-08 -1.079480285264182883e-07 -9.528511321257481184e-08 -5.756367791584841663e-08 -8.201063456366268190e-08
-4.434087898341275259e-07 2.915217372095885688e-08 2.406424603920563923e-07 -2.551121829019288483e-08 4.422223989542152478e-09 -1.110167284097209804e-07 -7.951883744967548796e-08 -8.135295105817057815e-08 -7.070959930044206074e-08 3.654026886732246447e-08 -1.099403432466875104e-08 5.049986657024445657e-08
6.886828346880493696e-07 1.600882249878743523e-08 2.377814707431591937e-07 3.602873671369693800e-08 2.056455534824668768e-07 -2.269975602895623134e-08 -1.479153963531434198e-08 -9.521449451769658483e-08 -3.772287983877010530e-09 2.659899905636047894e-09 3.051439672162042684e-08 4.324696545579249417e-08
-2.607757787092139310e-07 1.494052649259272089e-08 9.854818056752762024e-09 8.145281387092094873e-08 -1.093074431274178225e-07 -7.850390159685292299e-08 1.236459264782059140e-07 -6.555561855998795925e-08 -6.134277334407124764e-08 -1.396184373664986595e-07 -4.189969967775593199e-08 1.029202348841370398e-07
1.122578819867669623e-06 -3.715924920819485792e-07 -3.560924423194195905e-07 -5.543291016943834183e-08 -2.583277616304017584e-08 3.668087039080841643e-08 -1.127949319009292034e-07 4.012669033404787878e-09 -4.124126347772727672e-08 8.796997553988884949e-08 2.954440278078248580e-08 -6.400963368493203773e-08
8.802947181638079845e-07 2.074227470416850847e-07 -2.969085010866475448e-07 1.384463893782603000e-07 -1.830597796248436503e-07 9.576174657281420899e-08 -2.152857624437570636e-08 -2.212032277498016797e-08 2.213296317249681232e-08 5.594933039969338204e-09 -3.842320881609403602e-08 -6.169211443395833588e-08
-4.419705324535070025e-07 4.992124220326291708e-07 5.640840436366549053e-08 -4.824434579621516509e-08 2.415306918663200047e-08 3.344581208453498016e-08 4.877844548360294083e-08 -1.997997184249918844e-08 -7.476443033968302060e-08 -1.050037145063941294e-09 7.670996491724092921e-09 7.017305330886505465e-08
-1.143504265058481751e-06 5.799106269695322852e-07 -6.150348617472805505e-08 -2.037465864315450076e-07 -2.285458828483659944e-08 6.689692567477027123e-09 -5.998293345356264834e-08 -2.890944046561876802e-08 1.502887660678480552e-08 4.130223175969226229e-08 1.037733730998084617e-07 -1.384649668470226060e-08
-2.767187022138914451e-07 1.089176822798998214e-07 7.963025779971763211e-08 1.936683290985363881e-07 3.097870742755306694e-08 3.722663850831017937e-08 6.922071369107950359e-08 -3.535107154209739653e-08 7.646030503870006752e-08 2.859478733842887217e-09 -4.669292045472940705e-08 9.430923288672638898e-08
1.514257436180693699e-07 -3.181077048489817752e-07 -2.420510923635047362e-07 -1.736638508138603819e-07 9.295697184144940254e-08 -1.220018067446744093e-07 4.503499406297532203e-08 -1.381834043229267289e-07 -1.559225339428187542e-07 4.400928478178067733e-08 -1.556387948077940554e-08 9.255742423884476466e-08
7.137704658814636298e-07 2.219650264494452153e-07 4.294770907860570411e-07 -2.385171936747154526e-07 1.499123621522268180e-08 5.587712885477608482e-08 7.011348329289968422e-08 1.044134525132142007e-07 -4.605803965623311508e-08 1.225572331558092142e-08 8.467129402632037957e-09 -4.859229258247025603e-08
1.147990519127031518e-06 -1.021852959814152367e-07 -1.534250376632933834e-07 6.155020924692309652e-08 -1.394737177474277501e-07 -6.477504316949908130e-08 6.139418896323793404e-08 5.605983110121773342e-08 -7.779419145624159782e-08 -6.108505335557433410e-08 -4.259329906136851872e-08 -1.070983369010033010e-08
-8.271537948142650444e-07 3.029275124069518984e-07 -1.637775356506442092e-07 5.001006191435078360e-08 1.825970118056749265e-08 -5.872476527922640221e-08 6.271102390092268113e-08 -3.623849383479280993e-08 1.809597185389290106e-07 -7.539301239033959206e-08 -1.182584657824691738e-09 1.920058766205260660e-08
